1 0.4771241828125 0.5490196078125 0.48366013125 0.5833333328125 0.5147058828125 0.60539215625 0.5555555562500001 0.5955882359375 0.563725490625 0.5661764703125 0.562091503125 0.5049019609375 0.5326797390625 0.37254902031250003 0.55392156875 0.3431372546875 0.5359477125 0.34068627500000004 0.51960784375 0.36274509843749997 0.5065359484374999 0.35539215625 0.4869281046875 0.36274509843749997 0.4705882359375 0.3455882359375 0.46405228750000005 0.35049019531250003 0.4591503265625 0.3602941171875 0.491830065625 0.3921568625 0.4771241828125 0.46323529375000005 0.4771241828125 0.5490196078125
1 0.7647058828125 0.4779411765625 0.795751634375 0.4779411765625 0.8349673203125001 0.4607843140625 0.8496732031249999 0.43382352968750004 0.846405228125 0.3529411765625 0.83823529375 0.348039215625 0.831699346875 0.311274509375 0.8169934640625 0.276960784375 0.8039215687500001 0.257352940625 0.7875816999999999 0.257352940625 0.7826797390625 0.26960784375 0.76633986875 0.27450980468749997 0.7565359484374999 0.2647058828125 0.740196078125 0.26960784375 0.7467320265625 0.28676470625 0.740196078125 0.367647059375 0.759803921875 0.4705882359375 0.7647058828125 0.4779411765625
1 0.3366013078125 0.5416666671875 0.3447712421875 0.51960784375 0.33986928125000004 0.5073529406249999 0.3447712421875 0.49754902031250003 0.34150326875000003 0.419117646875 0.32516339843750003 0.39950980468749997 0.295751634375 0.4044117640625 0.28431372499999996 0.419117646875 0.27450980468749997 0.4779411765625 0.2728758171875 0.526960784375 0.2826797390625 0.5416666671875 0.310457515625 0.5514705875 0.3366013078125 0.5416666671875
3 0.1650326796875 0.8161764703125 0.16013071875 0.8431372546875 0.171568628125 0.848039215625 0.186274509375 0.840686275 0.18464052343749998 0.8161764703125 0.18954248437500001 0.8088235296875 0.20098039218750002 0.8039215687500001 0.20915032656250002 0.8210784312499999 0.2254901953125 0.813725490625 0.2173202609375 0.76960784375 0.23039215624999998 0.6740196078125 0.23039215624999998 0.53676470625 0.23692810468749997 0.5122549015625 0.25 0.5024509796875 0.2516339875 0.4779411765625 0.258169934375 0.4705882359375 0.24019607812500002 0.4044117640625 0.2189542484375 0.39460784375 0.2483660125 0.453431371875 0.2450980390625 0.49754902031250003 0.2107843140625 0.5245098046875001 0.1928104578125 0.5245098046875001 0.15849673125 0.48774509843749997 0.14215686249999998 0.51960784375 0.135620915625 0.55392156875 0.1486928109375 0.5735294125 0.15849673125 0.784313725 0.1650326796875 0.8161764703125
1 0.1666666671875 0.49264705937500003 0.1911764703125 0.5220588234375 0.2107843140625 0.5220588234375 0.2450980390625 0.49509803906250005 0.2549019609375 0.47303921562499995 0.23202614375000002 0.4068627453125 0.2124183 0.382352940625 0.18464052343749998 0.38725490156250003 0.17810457500000001 0.375 0.16176470625 0.39950980468749997 0.168300653125 0.4142156859375 0.171568628125 0.4828431375 0.1666666671875 0.49264705937500003
3 0.1748366015625 0.3921568625 0.187908496875 0.3970588234375 0.20588235312499997 0.384803921875 0.1993464046875 0.313725490625 0.1748366015625 0.3063725484375 0.1666666671875 0.32107843125 0.1666666671875 0.3455882359375 0.17320261406249998 0.35539215625 0.187908496875 0.35539215625 0.1748366015625 0.3921568625
1 0.6029411765625 0.561274509375 0.633986928125 0.5735294125 0.651960784375 0.546568628125 0.6552287578125 0.5220588234375 0.6486928109375001 0.49264705937500003 0.633986928125 0.46323529375000005 0.598039215625 0.4583333328125 0.5996732031249999 0.49264705937500003 0.58823529375 0.5220588234375 0.59150326875 0.5416666671875 0.6029411765625 0.561274509375
3 0.1454248359375 0.48774509843749997 0.1552287578125 0.4779411765625 0.168300653125 0.4828431375 0.16993464062500002 0.47303921562499995 0.1650326796875 0.4068627453125 0.150326796875 0.4166666671875 0.1405228765625 0.438725490625 0.12581699375 0.49754902031250003 0.132352940625 0.5122549015625 0.14379085 0.5024509796875 0.1454248359375 0.48774509843749997
3 0.3692810453125 0.5049019609375 0.35620915000000003 0.4485294125 0.3447712421875 0.43137254843750006 0.33986928125000004 0.44607843125 0.3366013078125 0.46568627500000004 0.348039215625 0.4681372546875 0.3611111109375 0.5049019609375 0.3692810453125 0.5049019609375
3 0.26633986875 0.49754902031250003 0.27450980468749997 0.5073529406249999 0.27777777812500004 0.490196078125 0.2908496734375 0.49264705937500003 0.2892156859375 0.4509803921875 0.295751634375 0.438725490625 0.30882352968750004 0.44607843125 0.310457515625 0.4240196078125 0.32298529375 0.4142156859375 0.33823529375 0.4240196078125 0.33823529375 0.375 0.3333333328125 0.365196078125 0.3235294125 0.35539215625 0.292483659375 0.365196078125 0.28431372499999996 0.4240196078125 0.2892156859375 0.43382352968750004 0.2647058828125 0.4754901953125 0.26633986875 0.49754902031250003
3 0.2859477125 0.8161764703125 0.3071895421875 0.7990196078125 0.3169934640625 0.8063725484375001 0.330065359375 0.776960784375 0.32516339843750003 0.7524509796875 0.32516339843750003 0.6421568625 0.3349673203125 0.546568628125 0.2990196078125 0.5514705875 0.2728758171875 0.526960784375 0.26960784375 0.5735294125 0.276143790625 0.66176470625 0.2712418296875 0.8039215687500001 0.2859477125 0.8161764703125
3 0.46568627500000004 0.6127450984375 0.4607843140625 0.6225490203125 0.4673202609375 0.6544117640625 0.46568627500000004 0.7205882359375 0.48366013125 0.8602941171875 0.4754901953125 0.9240196078125 0.48856209218749996 0.9313725484375001 0.5049019609375 0.9240196078125 0.508169934375 0.8639705875000001 0.51797385625 0.8529411765624999 0.534313725 0.8578431375 0.5392156859375 0.848039215625 0.5359477125 0.776960784375 0.5408496734375 0.73039215625 0.5326797390625 0.669117646875 0.5408496734375 0.6127450984375 0.563725490625 0.5735294125 0.5849673203125 0.5661764703125 0.5735294125 0.5122549015625 0.5751633984375 0.4681372546875 0.6045751640625 0.42892156875 0.598039215625 0.39950980468749997 0.578431371875 0.367647059375 0.562091503125 0.348039215625 0.5310457515625 0.330882353125 0.534313725 0.27450980468749997 0.5228758171875 0.2450980390625 0.49509803906250005 0.23774509843749997 0.4754901953125 0.259803921875 0.4705882359375 0.3431372546875 0.44444444375 0.37745097968749997 0.439542484375 0.4044117640625 0.419934640625 0.438725490625 0.437908496875 0.4583333328125 0.437908496875 0.4705882359375 0.428104575 0.49754902031250003 0.383986928125 0.5294117640625 0.385620915625 0.544117646875 0.4150326796875 0.534313725 0.43464052343750004 0.546568628125 0.46568627500000004 0.6127450984375
2 0.6748366015625 0.563725490625 0.6797385625000001 0.5563725484375001 0.669934640625 0.4779411765625 0.6421568625 0.4583333328125 0.6405228765625 0.4705882359375 0.66176470625 0.5024509796875 0.6633986921874999 0.5588235296875 0.6748366015625 0.563725490625
2 0.3790849671875 0.5171568625 0.3545751640625 0.4681372546875 0.349673203125 0.4754901953125 0.3529411765625 0.49509803906250005 0.37254902031250003 0.546568628125 0.3790849671875 0.5171568625