0 0.5986690343750001 0.73633506875 0.602122159375 0.73090625 0.60236931875 0.723065971875 0.59699005625 0.7201111109375 0.58880255625 0.7260815968750001 0.59077556875 0.7348263890625 0.5944758515624999 0.738746528125 0.5986690343750001 0.73633506875
0 0.5754815343749999 0.7701111109375 0.5769616484375 0.7523177078125001 0.5781960234375 0.7384461812499999 0.5848551140625 0.7384461812499999 0.5883082390625 0.73633506875 0.591268465625 0.729699653125 0.5782514203125 0.72171875 0.5633948859375 0.7281927078125 0.5592017046875 0.7649843749999999 0.5700553984375001 0.7707135421875 0.5754815343749999 0.7701111109375
0 0.5550085234375 0.588949653125 0.55747443125 0.5934739578125 0.5592017046875 0.587140625 0.5589545453125 0.5820138890625 0.5315738640625 0.588347221875 0.5323139203125 0.6043298609375001 0.5394673296875 0.5964895828125 0.5444019890625 0.5901562499999999 0.5550085234375 0.588949653125
0 0.5444019890625 0.56603125 0.5485951703125 0.570855903125 0.5490880687499999 0.575078125 0.5485951703125 0.5805052078124999 0.53478125 0.5823159718750001 0.5342883515625 0.5874427078125 0.5601889203125 0.57869618125 0.561669034375 0.5642204859375 0.5444019890625 0.56603125
0 0.47905823906249995 0.427065971875 0.46945880625 0.42631770781249995 0.47034943125 0.4351111109375 0.47712357968749997 0.43558506875 0.48080113593749996 0.43250868125 0.47905823906249995 0.427065971875
3 0.47727272656249997 0.578125 0.48295454531250004 0.5850694437499999 0.49431818125 0.5850694437499999 0.5071022734375 0.5694444437499999 0.5142045453125 0.42881944375 0.5028409093749999 0.37152777812500004 0.49431818125 0.3611111109375 0.48295454531250004 0.37152777812500004 0.48863636406250005 0.41319444375 0.47017045468749996 0.4270833328125 0.48295454531250004 0.4479166671875 0.47727272656249997 0.578125
3 0.5397727265625 0.7517361109375 0.5752840906250001 0.565972221875 0.546875 0.4635416671875 0.5426136359375 0.4635416671875 0.5369318187500001 0.4826388890625 0.5340909093749999 0.5138888890625 0.5241477265625 0.5225694437499999 0.5184659093749999 0.5451388890625 0.5184659093749999 0.5625 0.5284090906250001 0.574652778125 0.5213068187500001 0.6145833328125 0.5397727265625 0.7517361109375
3 0.5596590906250001 0.934027778125 0.5653409093749999 0.9375 0.5980113640625 0.7829861109375 0.5965909093749999 0.7638888890625 0.6150568187500001 0.737847221875 0.6136363640625 0.703125 0.6036931812499999 0.671875 0.5909090906250001 0.6579861109375 0.5909090906250001 0.6232638890625 0.5838068187500001 0.612847221875 0.5696022734375 0.621527778125 0.5667613640625 0.6414930562500001 0.5482954546875 0.6649305562500001 0.5397727265625 0.6961805562500001 0.5397727265625 0.8541666671874999 0.5568181812499999 0.90625 0.5596590906250001 0.934027778125
1 0.515625 0.43125 0.51875 0.4328125 0.51875 0.4375 0.5265625 0.4515625 0.5265625 0.4625 0.51875 0.4703125 0.5140625 0.471875 0.509375 0.4703125 0.515625 0.4328125
2 0.4796875 0.425 0.484375 0.434375 0.484375 0.440625 0.48125 0.44375 0.4734375 0.4390625 0.478125 0.4328125 0.478125 0.428125 0.475 0.4265625 0.478125 0.425
2 0.5703125 0.659375 0.575 0.6671875 0.575 0.6828125 0.571875 0.684375 0.5703125 0.6890625 0.565625 0.6890625 0.5640625 0.6796875 0.5640625 0.6640625 0.56875 0.659375
2 0.54375 0.5890625 0.5578125 0.5890625 0.559375 0.5921875 0.5578125 0.5984375 0.546875 0.6015625 0.5421875 0.596875 0.54375 0.590625
2 0.590625 0.7390625 0.5921875 0.753125 0.578125 0.753125 0.5765625 0.746875 0.578125 0.740625 0.5890625 0.7390625
2 0.5453125 0.5671875 0.55 0.571875 0.55 0.578125 0.54375 0.5828125 0.534375 0.5796875 0.5328125 0.575 0.534375 0.5671875 0.5375 0.565625 0.54375 0.5671875