3 0.7684659093749999 0.6875 0.7514204546875 0.5868055562500001 0.7443181812499999 0.5711805562500001 0.7386363640625 0.5763888890625 0.7272727265625 0.5711805562500001 0.7215909093749999 0.5798611109375 0.7002840906250001 0.6545138890625 0.7045454546875 0.71875 0.6889204546875 0.8420138890625 0.6775568187500001 0.8888888890625 0.6690340906250001 0.894097221875 0.6690340906250001 0.9079861109375 0.6846590906250001 0.9322916671874999 0.7144886359375 0.9201388890625 0.7301136359375 0.8263888890625 0.7670454546875 0.715277778125 0.7684659093749999 0.6875
3 0.49573863593749995 0.46875 0.5014204546875 0.4079861109375 0.5085227265625 0.39409722187499996 0.49147727343750003 0.31597222187499996 0.48011363593749995 0.32118055624999997 0.47585227343750003 0.35243055624999997 0.46732954531250004 0.3611111109375 0.47017045468749996 0.4670138890625 0.49573863593749995 0.46875
3 0.5241477265625 0.2638888890625 0.5170454546875 0.27430555624999997 0.5113636359375 0.30555555624999997 0.5099431812499999 0.33680555624999997 0.515625 0.3454861109375 0.5170454546875 0.38194444375000003 0.5142045453125 0.40972222187499996 0.5284090906250001 0.4201388890625 0.5426136359375 0.30381944375000003 0.5426136359375 0.26909722187499996 0.5355113640625 0.23611111093749998 0.5255681812499999 0.237847221875 0.5241477265625 0.2638888890625
3 0.078125 0.7708333328125 0.059659090625 0.6736111109375 0.0454545453125 0.659722221875 0.0355113640625 0.6336805562500001 0.02556818125 0.6319444437499999 0.0227272734375 0.640625 0.0298295453125 0.730902778125 0.0383522734375 0.75 0.0383522734375 0.7673611109375 0.06818181875 0.84375 0.0696022734375 0.875 0.0738636359375 0.878472221875 0.0852272734375 0.8645833328125001 0.09943181875 0.878472221875 0.1022727265625 0.8541666671874999 0.078125 0.7708333328125
0 0.7193636359375 0.643887153125 0.7226079546874999 0.644769096875 0.7308991484375 0.6291232640625 0.7327017046875001 0.614800346875 0.732340909375 0.607309028125 0.7301775562499999 0.6006979171875 0.7271051140625 0.60427256875 0.7177414765625 0.63705555625 0.7193636359375 0.643887153125
0 0.7427954546875 0.6000364578124999 0.7395511359375 0.5976128468749999 0.738875 0.6039791671875 0.73900994375 0.6322083328125 0.7463991484375 0.6207499999999999 0.7454985796875 0.60466319375 0.7427954546875 0.6000364578124999
1 0.046875 0.746875 0.0546875 0.7640625 0.05625 0.771875 0.0546875 0.78125 0.046875 0.78125 0.0390625 0.7703125 0.0390625 0.75625 0.0421875 0.7484375 0.0453125 0.746875
2 0.04375 0.74296875 0.00859375 0.0171875
2 0.4765625 0.4671875 0.4734375 0.4578125 0.4734375 0.4453125 0.4765625 0.4421875 0.4828125 0.4484375 0.4828125 0.465625 0.478125 0.4671875
2 0.7453125 0.571875 0.7484375 0.575 0.7484375 0.58125 0.7515625 0.5859375 0.75 0.609375 0.7421875 0.59375 0.740625 0.5796875 0.74375 0.5734375
2 0.4859375 0.365625 0.4890625 0.3578125 0.4953125 0.35625 0.4984375 0.365625 0.4984375 0.3796875 0.496875 0.38125 0.49375 0.3796875 0.4875 0.3671875
2 0.73125 0.571875 0.7328125 0.5734375 0.73125 0.6 0.7265625 0.603125 0.7203125 0.590625 0.7234375 0.5796875 0.7296875 0.5734375