0 0.5360042609375 0.6035625 0.539575284375 0.600784721875 0.5369772734375 0.59165625 0.5382769890625 0.585703125 0.5350298296875 0.5825295140625 0.531784090625 0.5805451390624999 0.52863494375 0.5854375 0.531784090625 0.59324305625 0.5360042609375 0.6035625
3 0.80681818125 0.9548611109375 0.8238636359375 0.9982638890625 0.8707386359375 0.996527778125 0.8920454546875 0.9427083328125001 0.88494318125 0.8576388890625 0.875 0.809027778125 0.8551136359375 0.8107638890625 0.8451704546875 0.8454861109375 0.8082386359375 0.9236111109375 0.80681818125 0.9548611109375
0 0.791765625 0.8298697921875 0.7802642046875 0.8349340281250001 0.786872159375 0.8499895828125 0.8033920453125001 0.838237846875 0.7964829546875001 0.8257534718749999 0.791765625 0.8298697921875
3 0.8323863640625 0.703125 0.8167613640625 0.715277778125 0.796875 0.7760416671875 0.7954545453125 0.8125 0.7855113640625 0.8454861109375 0.7926136359375 0.8645833328125001 0.7869318187500001 0.8923611109375 0.7911931812499999 0.90625 0.8252840906250001 0.8836805562500001 0.8423295453125 0.8506944437499999 0.8551136359375 0.8055555562500001 0.8409090906250001 0.715277778125 0.8323863640625 0.703125
3 0.390625 0.9895833328125001 0.403409090625 0.956597221875 0.39630681874999996 0.9357638890625 0.403409090625 0.9114583328125001 0.40198863593749995 0.847222221875 0.38494318125000004 0.7881944437499999 0.37642045468749996 0.7326388890625 0.34517045468749996 0.6944444437499999 0.33096590937500003 0.6979166671875 0.3167613640625 0.7239583328125 0.32670454531250004 0.7413194437499999 0.32670454531250004 0.784722221875 0.33522727343750003 0.7951388890625 0.33806818125000004 0.815972221875 0.33664772656249997 0.8576388890625 0.32670454531250004 0.8854166671874999 0.3707386359375 0.996527778125 0.39204545468749996 0.9982638890625 0.390625 0.9895833328125001
3 0.47869318125 0.4826388890625 0.47727272656249997 0.49652777812500004 0.453125 0.5364583328125 0.45170454531250004 0.5572916671875 0.45880681875 0.5798611109375 0.453125 0.6319444437499999 0.45880681875 0.6631944437499999 0.45738636406250005 0.7569444437499999 0.47727272656249997 0.7708333328125 0.49857954531250004 0.7517361109375 0.497159090625 0.4791666671875 0.484375 0.47569444375 0.47869318125 0.4826388890625
3 0.5127840906250001 0.6805555562500001 0.5113636359375 0.6666666671875 0.5241477265625 0.605902778125 0.5355113640625 0.597222221875 0.5369318187500001 0.5833333328125 0.53125 0.5225694437499999 0.5369318187500001 0.46006944375 0.53125 0.4427083328125 0.5184659093749999 0.4375 0.49857954531250004 0.47743055625 0.5028409093749999 0.4982638890625 0.49289772656249997 0.5295138890625 0.49289772656249997 0.5920138890625 0.49857954531250004 0.609375 0.497159090625 0.7100694437499999 0.5042613640625 0.7239583328125 0.5184659093749999 0.7291666671875 0.5142045453125 0.7100694437499999 0.5241477265625 0.690972221875 0.5127840906250001 0.6805555562500001
3 0.47727272656249997 0.33159722187499996 0.481534090625 0.3020833328125 0.47301136406250005 0.25694444375000003 0.465909090625 0.2604166671875 0.455965909375 0.29340277812500004 0.45170454531250004 0.31944444375000003 0.45880681875 0.3298611109375 0.47727272656249997 0.33159722187499996
1 0.4921875 0.6015625 0.4953125 0.603125 0.4984375 0.6109375 0.4984375 0.6359375 0.4921875 0.6359375 0.4890625 0.6203125 0.4921875 0.603125
2 0.8046875 0.8453125 0.8046875 0.8625 0.8015625 0.8640625 0.796875 0.8640625 0.79375 0.8609375 0.7921875 0.85 0.7984375 0.840625 0.803125 0.8453125
2 0.5359375 0.5875 0.53125 0.584375 0.53125 0.5671875 0.534375 0.5640625 0.5375 0.565625 0.5390625 0.571875 0.5375 0.5859375
2 0.45625 0.33125 0.4546875 0.321875 0.4578125 0.31875 0.4625 0.31875 0.465625 0.321875 0.465625 0.328125 0.4609375 0.3328125 0.4578125 0.33125
2 0.52265625 0.503125 0.0140625 0.028125
2 0.815625 0.9171875 0.81875 0.928125 0.8171875 0.9484375 0.8125 0.9484375 0.8078125 0.9546875 0.80625 0.9359375 0.809375 0.921875 0.8140625 0.9171875
2 0.8078125 0.94375 0.8109375 0.946875 0.8171875 0.94375 0.81875 0.946875 0.815625 0.965625 0.8125 0.9671875 0.80625 0.9578125 0.8078125 0.9453125
2 0.478125 0.6546875 0.4828125 0.653125 0.484375 0.659375 0.484375 0.675 0.48125 0.6765625 0.478125 0.6734375 0.4765625 0.665625 0.478125 0.65625