3 0.518359375 0.334722221875 0.521484375 0.32083333281250004 0.526171875 0.32430555625 0.52578125 0.334722221875 0.53203125 0.334722221875 0.533984375 0.33125 0.534375 0.2822916671875 0.5390625 0.26527777812500003 0.540625 0.24930555625 0.538671875 0.21597222187499998 0.533203125 0.197222221875 0.529296875 0.19375 0.52265625 0.196527778125 0.5140625 0.21180555625 0.508203125 0.23263888906250002 0.5078125 0.2486111109375 0.512890625 0.334722221875 0.515234375 0.3375 0.518359375 0.334722221875
3 0.5125 0.3 0.51015625 0.2951388890625 0.5078125 0.2958333328125 0.50546875 0.3111111109375 0.50859375 0.3145833328125 0.511328125 0.3111111109375 0.5125 0.3
3 0.5015625 0.23402777812500003 0.5046875 0.23958333281250002 0.50390625 0.2513888890625 0.505078125 0.25694444375000003 0.50859375 0.25555555625 0.508984375 0.2270833328125 0.51328125 0.2138888890625 0.5234375 0.19375 0.526171875 0.1763888890625 0.52265625 0.1708333328125 0.51875 0.1708333328125 0.506640625 0.1916666671875 0.50625 0.21180555625 0.5015625 0.2270833328125 0.503125 0.228472221875 0.5015625 0.23402777812500003
3 0.4609375 0.29652777812500003 0.46328125 0.303472221875 0.473046875 0.29305555625 0.47890625 0.1895833328125 0.475 0.178472221875 0.469140625 0.1729166671875 0.46875 0.16805555625 0.4640625 0.16180555624999998 0.45859375 0.16458333281249998 0.457421875 0.17013888906250002 0.458203125 0.17916666718750002 0.452734375 0.18819444375 0.453515625 0.1986111109375 0.462890625 0.21944444375 0.462890625 0.284027778125 0.4609375 0.29652777812500003
3 0.445703125 0.7 0.44453125 0.7104166671875001 0.435546875 0.7236111109375 0.43359375 0.73680555625 0.433984375 0.74444444375 0.43671875 0.7506944437499999 0.440234375 0.76944444375 0.4421875 0.7729166671875001 0.449609375 0.7736111109375 0.458203125 0.78125 0.465625 0.7916666671875 0.47734375 0.815972221875 0.480078125 0.815277778125 0.481640625 0.8 0.486328125 0.7791666671875 0.482421875 0.747222221875 0.484375 0.7395833328125 0.488671875 0.734027778125 0.48984375 0.7201388890625 0.487890625 0.70625 0.4828125 0.6881944437499999 0.47734375 0.6777777781250001 0.47265625 0.6777777781250001 0.466015625 0.684027778125 0.463671875 0.6826388890625 0.462109375 0.6791666671875001 0.461328125 0.6576388890625 0.449609375 0.640277778125 0.441796875 0.63819444375 0.435546875 0.640972221875 0.43203125 0.64444444375 0.427734375 0.6541666671875 0.428125 0.67569444375 0.43125 0.6868055562500001 0.4359375 0.6958333328124999 0.445703125 0.7
3 0.412109375 0.7895833328124999 0.418359375 0.8027777781250001 0.4234375 0.809027778125 0.421875 0.82430555625 0.4109375 0.840972221875 0.39765625 0.846527778125 0.3921875 0.8541666671874999 0.390234375 0.86180555625 0.383203125 0.8645833328125001 0.3796875 0.86875 0.37578125 0.878472221875 0.3765625 0.890972221875 0.388671875 0.8958333328125001 0.388671875 0.9076388890624999 0.390625 0.9104166671874999 0.41484375 0.93194444375 0.42734375 0.9388888890624999 0.43515625 0.946527778125 0.448046875 0.9472222218749999 0.45234375 0.95069444375 0.45703125 0.96319444375 0.4625 0.9993055562500001 0.491015625 0.9993055562500001 0.49296875 0.9784722218749999 0.5015625 0.95555555625 0.50703125 0.92569444375 0.50703125 0.91180555625 0.505078125 0.9 0.494921875 0.86180555625 0.47734375 0.8145833328125001 0.469921875 0.8 0.45703125 0.7798611109375 0.440234375 0.7701388890625 0.43828125 0.7548611109375 0.43359375 0.74444444375 0.425 0.7388888890625 0.413671875 0.7388888890625 0.404296875 0.747222221875 0.403125 0.7548611109375 0.4046875 0.7715277781250001 0.410546875 0.7819444437499999 0.412109375 0.7895833328124999
3 0.161328125 0.45625 0.168359375 0.465972221875 0.16875 0.477777778125 0.17265625 0.49583333281249997 0.17578125 0.5416666671875 0.181640625 0.56875 0.180078125 0.58194444375 0.175390625 0.5916666671875 0.175390625 0.5958333328125 0.176953125 0.5986111109375 0.18046875 0.5986111109375 0.192578125 0.58819444375 0.19921875 0.5868055562500001 0.204296875 0.5763888890625 0.2046875 0.5673611109375 0.1984375 0.5173611109375 0.19921875 0.49791666718750005 0.203515625 0.490277778125 0.2046875 0.4763888890625 0.199609375 0.44166666718750003 0.196484375 0.43819444374999994 0.1890625 0.4361111109375 0.182421875 0.415972221875 0.1796875 0.396527778125 0.175 0.39305555625 0.164453125 0.3916666671875 0.16015625 0.39791666718749996 0.1609375 0.4145833328125 0.16640625 0.4291666671875 0.161328125 0.447222221875 0.161328125 0.45625
3 0.955859375 0.76180555625 0.95703125 0.7583333328124999 0.95625 0.74375 0.95390625 0.7291666671875 0.95703125 0.7104166671875001 0.956640625 0.702777778125 0.9484375 0.702777778125 0.942578125 0.71319444375 0.92890625 0.7208333328125 0.922265625 0.73194444375 0.918359375 0.7486111109375 0.91796875 0.7548611109375 0.9234375 0.7736111109375 0.946484375 0.76875 0.955859375 0.76180555625
3 0.944140625 0.8263888890625 0.9515625 0.8236111109375001 0.953515625 0.8201388890624999 0.954296875 0.8118055562500001 0.94765625 0.80069444375 0.943359375 0.777777778125 0.9390625 0.7736111109375 0.93515625 0.7736111109375 0.929296875 0.78680555625 0.9265625 0.809027778125 0.923828125 0.815277778125 0.925390625 0.8263888890625 0.944140625 0.8263888890625
3 0.98125 0.903472221875 0.985546875 0.9 0.991015625 0.8895833328125 0.997265625 0.8638888890624999 0.999609375 0.8625 0.999609375 0.8416666671874999 0.994140625 0.8430555562500001 0.987109375 0.859722221875 0.980859375 0.8673611109375001 0.97734375 0.8756944437499999 0.975 0.8833333328125 0.977734375 0.89444444375 0.97734375 0.90069444375 0.98125 0.903472221875
3 0.985546875 0.815277778125 0.99140625 0.8201388890624999 0.999609375 0.76944444375 0.999609375 0.7236111109375 0.99140625 0.7270833328124999 0.9875 0.734722221875 0.9703125 0.7888888890625 0.9703125 0.8 0.9765625 0.81805555625 0.985546875 0.815277778125
2 0.39609375 0.877777778125 0.396484375 0.872222221875 0.394140625 0.86319444375 0.390234375 0.8604166671875 0.38203125 0.865972221875 0.375390625 0.875 0.375 0.88680555625 0.3765625 0.89375 0.3875 0.8958333328125001 0.39609375 0.877777778125
0 0.462225 0.2111826390625 0.463894140625 0.210440971875 0.4629203125 0.2072263890625 0.46208593750000004 0.20376388906249998 0.45944296875 0.20376388906249998 0.45833007812500004 0.2092041671875 0.45972109375 0.2114298609375 0.462225 0.2111826390625
2 0.46125117187500003 0.2134083328125 0.46333789062499997 0.21390277812499997 0.466119921875 0.21241944375 0.466258984375 0.20796805625 0.46514609374999993 0.20796805625 0.463616015625 0.2069791671875 0.463059765625 0.209946528125 0.46069492187499994 0.2116770828125 0.46125117187500003 0.2134083328125
2 0.175539453125 0.4331833328125 0.175539453125 0.43045 0.175539453125 0.42871111093750003 0.17512031249999999 0.42647500000000005 0.174701171875 0.42548125 0.17330390625 0.42423888906249996 0.172605078125 0.42374166718749995 0.1712078125 0.4252326390625 0.17008984375 0.427965278125 0.169251171875 0.42945625 0.16813359375 0.431940971875 0.16743476562499998 0.435171528125 0.1677140625 0.43691041718749996 0.167978515625 0.43666736093749997 0.16995 0.44163125000000003 0.17176679687500002 0.4398923609375 0.174701171875 0.435171528125 0.175539453125 0.4331833328125