3 0.40056818125 0.3888888890625 0.39346590937500003 0.3645833328125 0.38210227343750003 0.3645833328125 0.3792613640625 0.4513888890625 0.38778409062499997 0.47743055625 0.39204545468749996 0.5295138890625 0.39630681874999996 0.53125 0.40056818125 0.5208333328125 0.421875 0.5138888890625 0.41193181875 0.47222222187499996 0.41193181875 0.43402777812500004 0.42613636406250005 0.3854166671875 0.40056818125 0.3888888890625
3 0.33664772656249997 0.4513888890625 0.35795454531250004 0.5364583328125 0.375 0.546875 0.38494318125000004 0.5364583328125 0.35795454531250004 0.3576388890625 0.35085227343750003 0.3489583328125 0.34232954531250004 0.35069444375000003 0.33380681874999996 0.3888888890625 0.33664772656249997 0.4513888890625
3 0.2102272734375 0.453125 0.18465909062500002 0.39756944375000003 0.17329545468750002 0.39409722187499996 0.171875 0.4513888890625 0.17755681875 0.4739583328125 0.2116477265625 0.5052083328125 0.2102272734375 0.453125
3 0.38210227343750003 0.7083333328125 0.3792613640625 0.6649305562500001 0.3707386359375 0.6666666671875 0.37215909062499997 0.6961805562500001 0.38210227343750003 0.7083333328125
3 0.30539772656249997 0.5225694437499999 0.30255681874999996 0.543402778125 0.3167613640625 0.6197916671875 0.3238636359375 0.6336805562500001 0.3394886359375 0.6388888890625 0.36647727343750003 0.612847221875 0.36931818125000004 0.5868055562500001 0.36505681874999996 0.5677083328125 0.33096590937500003 0.519097221875 0.31392045468749996 0.512152778125 0.30539772656249997 0.5225694437499999
1 0.3578579546875 0.6002951390625 0.3590582390625 0.60836805625 0.3668607953125 0.6076336812500001 0.37196306875 0.59809375 0.3692613640625 0.5815833328125 0.3674602265625 0.5647048609375 0.3599573859375 0.563237846875 0.3584573859375 0.5658055562500001 0.357965909375 0.564734375 0.3578579546875 0.6002951390625
2 0.346159090625 0.629565971875 0.3476136359375 0.634456596875 0.352340909375 0.634456596875 0.3537954546875 0.6286753468749999 0.3547826703125 0.6138541671875 0.34906818125 0.613559028125 0.3468863640625 0.6202291671875 0.346159090625 0.629565971875
2 0.3308835234375 0.641125 0.333794034375 0.6389027781250001 0.3261860796875 0.6233333328125 0.3217926140625 0.6251197921875 0.3217926140625 0.6304548609375 0.32542897656249997 0.6380138890625 0.3308835234375 0.641125
2 0.3717741484375 0.46044965312499997 0.3695710234375 0.4556614578125 0.3629758515625 0.45091319375000005 0.3597826703125 0.45596180625000005 0.36369886406249996 0.46523611093749995 0.3698167609375 0.46822743125 0.3717741484375 0.46044965312499997
3 0.2102272734375 0.5086805562500001 0.17045454531249998 0.46527777812500004 0.1633522734375 0.47222222187499996 0.16193181875 0.512152778125 0.17471590937499998 0.5572916671875 0.1988636359375 0.5138888890625 0.2102272734375 0.5086805562500001
2 0.20650568125 0.50685243125 0.201950284375 0.5106684031250001 0.20397443124999998 0.5147899312499999 0.2083607953125 0.5147899312499999 0.213421875 0.5110798609375 0.20650568125 0.50685243125