3 0.88068181875 0.6180555562500001 0.88068181875 0.581597221875 0.8721590906250001 0.534722221875 0.8607954546875 0.5399305562500001 0.8480113640625 0.565972221875 0.8409090906250001 0.6041666671875 0.8451704546875 0.644097221875 0.8366477265625001 0.7586805562500001 0.8480113640625 0.777777778125 0.88068181875 0.6180555562500001
3 0.7855113640625 0.7413194437499999 0.7926136359375 0.7395833328125 0.8039772734374999 0.715277778125 0.8139204546875 0.7083333328125 0.8210227265625001 0.6736111109375 0.83380681875 0.546875 0.83380681875 0.5225694437499999 0.828125 0.512152778125 0.8167613640625 0.5138888890625 0.7926136359375 0.5798611109375 0.80255681875 0.609375 0.7997159093749999 0.6822916671875 0.7840909093749999 0.7170138890625 0.7855113640625 0.7413194437499999
3 0.7485795453125 0.7569444437499999 0.7514204546875 0.8177083328125001 0.7897727265625 0.7013888890625 0.7855113640625 0.659722221875 0.7940340906250001 0.6423611109375 0.796875 0.6041666671875 0.7897727265625 0.5850694437499999 0.7911931812499999 0.5642361109375 0.7784090906250001 0.5416666671875 0.7684659093749999 0.550347221875 0.7599431812499999 0.581597221875 0.7485795453125 0.5989583328125 0.7400568187500001 0.6458333328125 0.7471590906250001 0.690972221875 0.7414772734375 0.722222221875 0.734375 0.7326388890625 0.7485795453125 0.7569444437499999
3 0.8267045453125 0.921875 0.8309659093749999 0.8958333328125001 0.8167613640625 0.8732638890625 0.8352272734374999 0.8385416671874999 0.8352272734374999 0.8263888890625 0.8238636359375 0.800347221875 0.8167613640625 0.8020833328125001 0.8096590906250001 0.793402778125 0.8167613640625 0.7482638890625 0.8082386359375 0.7361111109375 0.796875 0.7361111109375 0.7698863640625 0.7638888890625 0.7670454546875 0.784722221875 0.7443181812499999 0.8420138890625 0.7443181812499999 0.8854166671874999 0.7613636359375 0.925347221875 0.7727272734375 0.9149305562500001 0.8267045453125 0.921875
0 0.83380681875 0.8576388890625 0.8352272734374999 0.855902778125 0.8352272734374999 0.8489583328125001 0.8366477265625001 0.847222221875 0.8352272734374999 0.8368055562500001 0.8323863640625 0.8368055562500001 0.8295454546875 0.84375 0.8295454546875 0.8489583328125001 0.828125 0.8506944437499999 0.8295454546875 0.8541666671874999 0.83380681875 0.8576388890625
0 0.81818181875 0.84375 0.8196022734374999 0.8420138890625 0.82244318125 0.8333333328125001 0.82244318125 0.8298611109375 0.828125 0.8229166671874999 0.8295454546875 0.8177083328125001 0.8210227265625001 0.8038194437499999 0.8167613640625 0.8055555562500001 0.8167613640625 0.8072916671874999 0.8139204546875 0.8107638890625 0.8139204546875 0.84375 0.81818181875 0.84375
0 0.8611803984374999 0.6246614578125 0.8579588062499999 0.61403125 0.8528053984374999 0.601824653125 0.8502286937499999 0.59552430625 0.84604119375 0.590012153125 0.8441079546875001 0.5904045140624999 0.8444303984375001 0.5947361109375 0.8447528406249999 0.6006423609375 0.8444758515625 0.6069861109375 0.8470071015625 0.61718055625 0.8511946015625 0.6222986109375 0.859247159375 0.626237846875 0.8611803984374999 0.6246614578125
0 0.8193053984375 0.5982795140625 0.81672869375 0.5923732640625 0.811575284375 0.5852864578125 0.8044886359375001 0.57780555625 0.8022343749999999 0.57189930625 0.8009460234375 0.5707170140625 0.799012784375 0.5707170140625 0.7967585234375 0.57189930625 0.7954701703125 0.5722916671875 0.7954701703125 0.5746545140625 0.7954701703125 0.57780555625 0.7957855109375 0.5799079859375 0.8035227265625 0.5927673609374999 0.8093210234375 0.599855903125 0.8125411937499999 0.6026111109375 0.8193053984375 0.5982795140625
0 0.7606832390625 0.65458680625 0.7655142046875001 0.6565555562500001 0.7748551140625 0.65852430625 0.7771107953125 0.65340625 0.7767883515625 0.649074653125 0.77324431875 0.6447430562500001 0.7693792609375001 0.6384427078125 0.7664801140625 0.63686805625 0.7629374999999999 0.637262153125 0.7603607953125 0.63765625 0.7558551140625 0.63910243125 0.7574616484375001 0.6435625 0.757784090625 0.647105903125 0.757784090625 0.65025694375 0.7606832390625 0.65458680625
2 0.8257485796875 0.8152395828125 0.8292911937499999 0.8113020828125 0.8289687499999999 0.8073645828125 0.8260696015625 0.80382118125 0.8231718750000001 0.8010642359375 0.819627840625 0.800277778125 0.8151193187500001 0.8014583328124999 0.813830965625 0.806972221875 0.8164076703125 0.810909721875 0.8199502843750001 0.8113020828125 0.8257485796875 0.8152395828125
2 0.8341235796875001 0.822328125 0.832190340625 0.816421875 0.8286477265625001 0.816027778125 0.8257485796875 0.8168159718749999 0.82510369375 0.823902778125 0.8231718750000001 0.8278402781249999 0.8218835234374999 0.8357152781250001 0.8212386359374999 0.8384722218749999 0.8215482953125001 0.8415625 0.8267144890625 0.84674131875 0.83541193125 0.8384722218749999 0.8357329546875001 0.83099131875 0.8341235796875001 0.822328125
2 0.805671875 0.61171180625 0.8071363640625 0.6140138890625 0.8092286937500001 0.6155486109375 0.8121576703125 0.6181076390625 0.8144602265625001 0.620152778125 0.8178068187499999 0.61989756875 0.8186448859375 0.6140138890625 0.8178068187499999 0.609409721875 0.8129943187500001 0.607875 0.8134133515625 0.604550346875 0.8086008515625001 0.600203125 0.8039232953125 0.60331944375 0.8031605109375001 0.60685243125 0.8042073859375 0.6099218750000001 0.805671875 0.61171180625
2 0.8680227265625 0.64214930625 0.8722073859374999 0.6390798609375 0.8728352265625 0.636777778125 0.8738821015625 0.628081596875 0.8724176140625 0.6229670140625 0.86969744375 0.621175346875 0.8671860796875 0.622199653125 0.8646761359375 0.623222221875 0.8621647734375 0.6239895828125 0.860909090625 0.62680381875 0.859481534375 0.6299079859375001 0.8590255687499999 0.640359375 0.8583991484375 0.643684028125 0.86383806875 0.64240625 0.8680227265625 0.64214930625
2 0.7790994312499999 0.6631232640625 0.7807727265625 0.6631232640625 0.7849573859375 0.6618454859375 0.7857940343750001 0.660565971875 0.7860042609375 0.65800868125 0.7851661937500001 0.6546822921875 0.7837017046875 0.6513576390625 0.7797272734375 0.65033506875 0.7768139203125 0.6577239578125 0.77658806875 0.662612846875 0.777215909375 0.6633802078125 0.7790994312499999 0.6631232640625