3 0.703125 0.9149305562500001 0.7045454546875 0.8229166671874999 0.6988636359375 0.8072916671874999 0.6875 0.8055555562500001 0.6789772734375 0.8177083328125001 0.6534090906250001 0.8697916671874999 0.6349431812499999 0.9375 0.6363636359375 0.9982638890625 0.6789772734375 0.9982638890625 0.6960227265625 0.9618055562500001 0.703125 0.9149305562500001
3 0.3792613640625 0.9513888890625 0.38210227343750003 0.9635416671874999 0.37357954531250004 0.987847221875 0.38068181874999996 0.9982638890625 0.46306818125 0.9982638890625 0.43607954531250004 0.965277778125 0.42897727343750003 0.9288194437499999 0.43607954531250004 0.8854166671874999 0.42329545468749996 0.8194444437499999 0.41335227343750003 0.8020833328125001 0.41335227343750003 0.7725694437499999 0.40482954531250004 0.762152778125 0.39346590937500003 0.762152778125 0.38778409062499997 0.7743055562500001 0.39346590937500003 0.815972221875 0.38778409062499997 0.855902778125 0.39346590937500003 0.918402778125 0.3792613640625 0.9513888890625
3 0.203125 0.699652778125 0.2230113640625 0.7100694437499999 0.2230113640625 0.6979166671875 0.215909090625 0.6892361109375 0.2230113640625 0.6701388890625 0.21306818125000002 0.659722221875 0.2017045453125 0.512152778125 0.2102272734375 0.4739583328125 0.1960227265625 0.46006944375 0.18181818125 0.41319444375 0.17471590937499998 0.41319444375 0.16903409062500002 0.4236111109375 0.1647727265625 0.4791666671875 0.17755681875 0.5642361109375 0.19034090937499998 0.605902778125 0.203125 0.699652778125
3 0.5241363640625 0.4312326390625 0.5213068187500001 0.45659722187499996 0.5127840906250001 0.4635416671875 0.5127840906250001 0.47569444375 0.5284090906250001 0.48784722187499996 0.5411931812499999 0.4583333328125 0.5511363640625 0.46006944375 0.5553977265625 0.47222222187499996 0.5610795453125 0.4704861109375 0.5610795453125 0.46180555625 0.5553977265625 0.4114583328125 0.5426136359375 0.3697916671875 0.5326704546875 0.3645833328125 0.5241477265625 0.3732638890625 0.5213068187500001 0.41493055625 0.50229119375 0.416253471875 0.5017585234374999 0.43079861093750005 0.5241363640625 0.4312326390625
3 0.5170454546875 0.3732638890625 0.5298295453125 0.27777777812500004 0.5184659093749999 0.24826388906250002 0.5184659093749999 0.230902778125 0.515625 0.22569444375 0.5071022734375 0.22916666718749998 0.5014204546875 0.2552083328125 0.5028409093749999 0.390625 0.5227272734375 0.4010416671875 0.5170454546875 0.3732638890625
3 0.484375 0.6961805562500001 0.49147727343750003 0.6892361109375 0.49147727343750003 0.6788194437499999 0.48011363593749995 0.671875 0.47869318125 0.6475694437499999 0.484375 0.6024305562500001 0.49147727343750003 0.5885416671875 0.49005681875 0.519097221875 0.48295454531250004 0.4861111109375 0.47017045468749996 0.46180555625 0.47585227343750003 0.43402777812500004 0.465909090625 0.40972222187499996 0.453125 0.4114583328125 0.440340909375 0.47222222187499996 0.45170454531250004 0.6701388890625 0.46022727343750003 0.671875 0.46732954531250004 0.6979166671875 0.484375 0.6961805562500001
3 0.5198863640625 0.671875 0.5284090906250001 0.6805555562500001 0.5397727265625 0.668402778125 0.546875 0.6047447921875 0.5488707390625 0.5789670140625 0.5539772734375 0.5399305562500001 0.5667613640625 0.48090277812500004 0.5667613640625 0.47222222187499996 0.5553977265625 0.47222222187499996 0.5539772734375 0.46006944375 0.5369318187500001 0.46180555625 0.5269886359375 0.4895833328125 0.5142045453125 0.4947916671875 0.5241477265625 0.5260416671875 0.5198863640625 0.671875
1 0.5553977265625 0.5850694437499999 0.5596590906250001 0.581597221875 0.5596590906250001 0.5555555562500001 0.5568181812499999 0.5451388890625 0.5553977265625 0.543402778125 0.5525568187500001 0.543402778125 0.5511363640625 0.5486111109375 0.5511363640625 0.5555555562500001 0.5497159093749999 0.5572916671875 0.5497159093749999 0.581597221875 0.5553977265625 0.5850694437499999
2 0.5541605109375001 0.49813368125 0.5572457390625 0.49651736093750004 0.55900994375 0.49543923593750006 0.5572457390625 0.487355903125 0.5554829546875 0.4841232640625 0.5515156250000001 0.4852013890625 0.5464829546875001 0.485105903125 0.545784090625 0.49490104218750003 0.54402130625 0.49974999999999997 0.5484289765625 0.50028993125 0.5541605109375001 0.49813368125
2 0.532559659375 0.5051388890624999 0.5396136359375 0.5051388890624999 0.5409360796875 0.49974999999999997 0.5418167609375 0.49651736093750004 0.5409360796875 0.493284721875 0.539171875 0.490590278125 0.53696875 0.489512153125 0.5313224437499999 0.48941493124999996 0.531237215625 0.493284721875 0.53211931875 0.4986736109375 0.532559659375 0.5051388890624999
2 0.2089957390625 0.59189930625 0.20943607968750003 0.5897447921875 0.2089957390625 0.5865104171875 0.20723295468749997 0.583277778125 0.20449005625 0.5760295140625 0.20150142031249998 0.584894096875 0.20282386406250003 0.5940555562500001 0.20591051093749999 0.5940555562500001 0.2089957390625 0.59189930625
2 0.43807386406250004 0.902203125 0.43807386406250004 0.8955520828125 0.43807386406250004 0.8882013890625 0.4349232953125 0.8812013890625 0.4317073859375 0.8808263890625 0.4289105109375 0.8889010421875 0.43177414843750006 0.89905381875 0.434637784375 0.902203125 0.43807386406250004 0.902203125
2 0.3810894890625 0.9631111109375 0.3836676140625 0.9659114578124999 0.3868167609375 0.9659114578124999 0.3891079546875 0.9624114578125 0.3922571015625 0.9554114578125 0.39311647656250004 0.9526111109375 0.38882102343749997 0.950159721875 0.384299715625 0.9457673609375 0.3790852265625 0.9487604171875 0.3782258515625 0.9540104171875001 0.3790852265625 0.9585607640625 0.3810894890625 0.9631111109375
2 0.6484602265625 0.933828125 0.6449332390625 0.9316736109375 0.640903409375 0.9289010421875 0.64065056875 0.93228819375 0.636872159375 0.9310572921875 0.634856534375 0.9332135421875 0.6338480109375 0.9372170140625 0.6335965906250001 0.9430677078124999 0.634856534375 0.9473802078125001 0.63661931875 0.952 0.6398948859375 0.9550798609375001 0.6451860796875 0.9581579859374999 0.64946875 0.953847221875 0.6524914765625 0.9467638890625001 0.64941619375 0.944140625 0.649971590625 0.941527778125 0.6502244312500001 0.9350607640625 0.6484602265625 0.933828125
2 0.6325894890625 0.965550346875 0.6343522734375 0.97109375 0.6363678984375001 0.97109375 0.64014630625 0.97047743125 0.6451860796875 0.9670902781249999 0.6469488640625001 0.963394096875 0.6464446015624999 0.961237846875 0.6444303984374999 0.9581579859374999 0.6343039765625 0.9525138890625 0.6323366484374999 0.955387153125 0.6325894890625 0.9596979171875001 0.6325894890625 0.965550346875
2 0.48524147656250005 0.5976267359375 0.48932670468749995 0.5971927078125 0.49341051093750005 0.597409721875 0.49394318125 0.5939357640625 0.49394318125 0.5895937499999999 0.493765625 0.583949653125 0.49341051093750005 0.58221180625 0.49163494375 0.5796076390625 0.4903920453125 0.58134375 0.4901988640625 0.5813802078125 0.48683948906249996 0.5872048609375 0.48488636406249996 0.590027778125 0.48328693125 0.5961076390625 0.48524147656250005 0.5976267359375
2 0.5031789765625 0.41712152812500003 0.5028238640625 0.42059548593749996 0.503356534375 0.4255885421875 0.5037116484374999 0.42949652812499994 0.5058423296875 0.43079861093750005 0.50797443125 0.43079861093750005 0.51152556875 0.43058159687500003 0.5150781249999999 0.4292795140625 0.5149147734375 0.41749131874999995 0.5104602265625 0.41712152812500003 0.5056647734374999 0.4164704859375 0.5031789765625 0.41712152812500003