3 0.17045454531249998 0.8836805562500001 0.16619318125 0.8420138890625 0.15056818125 0.824652778125 0.1363636359375 0.840277778125 0.14630681875 0.9513888890625 0.15767045468750002 0.996527778125 0.2144886359375 0.9982638890625 0.17045454531249998 0.8836805562500001
3 0.7159090906250001 0.984375 0.7201704546875 0.996527778125 0.734375 0.9756944437499999 0.7613636359375 0.9739583328125001 0.765625 0.9583333328125001 0.7698863640625 0.918402778125 0.7954545453125 0.828125 0.7997159093749999 0.7569444437499999 0.7911931812499999 0.722222221875 0.7727272734375 0.71875 0.7542613640625 0.7760416671875 0.7244318187500001 0.8368055562500001 0.7357954546875 0.8732638890625 0.7372159093749999 0.9270833328125001 0.7244318187500001 0.9756944437499999 0.7159090906250001 0.984375
3 0.5809659093749999 0.47569444375 0.5795454546875 0.453125 0.5667613640625 0.43402777812500004 0.5610795453125 0.38715277812500004 0.5497159093749999 0.3923611109375 0.5369318187500001 0.44444444375 0.5369318187500001 0.5243055562500001 0.5440340906250001 0.581597221875 0.5667613640625 0.5694444437499999 0.5809659093749999 0.47569444375
3 0.6122159093749999 0.9079861109375 0.6306818187500001 0.8958333328125001 0.6420454546875 0.8142361109375 0.6576704546875 0.8038194437499999 0.65625 0.7743055562500001 0.6661931812499999 0.715277778125 0.6548295453125 0.6180555562500001 0.6463068187500001 0.6024305562500001 0.6363636359375 0.6041666671875 0.6278409093749999 0.6232638890625 0.609375 0.7413194437499999 0.6107954546875 0.7954861109375 0.5980113640625 0.8923611109375 0.6051136359375 0.925347221875 0.6122159093749999 0.9079861109375
3 0.5227272734375 0.44097222187499996 0.5284090906250001 0.4357638890625 0.5241477265625 0.4201388890625 0.5284090906250001 0.3611111109375 0.5426136359375 0.3420138890625 0.53125 0.3107638890625 0.5241477265625 0.24479166718749998 0.5127840906250001 0.2552083328125 0.5142045453125 0.26909722187499996 0.5056818187500001 0.296875 0.5042613640625 0.3454861109375 0.5113636359375 0.36371527812500004 0.5085227265625 0.43055555625 0.5227272734375 0.44097222187499996
2 0.7801434656249999 0.7961892359375 0.7751292609375 0.8064079859375 0.770950284375 0.7924427078125 0.7681633515625 0.7927829859375 0.769 0.8087916671875 0.7674232953125 0.8219079859375 0.77290056875 0.8295677078124999 0.7812571015625001 0.8183281250000001 0.78265056875 0.8030017359375 0.7801434656249999 0.7961892359375
2 0.7767997156249999 0.8863993062500001 0.78209375 0.873796875 0.77652130625 0.8666440968750001 0.7617571015625 0.87890625 0.77122869375 0.8891232640625001 0.7767997156249999 0.8863993062500001
2 0.547765625 0.34096875 0.54258806875 0.33452430624999996 0.5393749999999999 0.3432482640625 0.5442698859374999 0.34638194375000003 0.5463664765625 0.34524305625 0.547765625 0.34096875
2 0.47738494375 0.34267881875 0.4839105109375 0.341253471875 0.4867073859375 0.332706596875 0.48078267031250005 0.3295885421875 0.47528693125 0.33498611093749997 0.47575284062499995 0.3395451390625 0.47738494375 0.34267881875
1 0.7515625 0.7859375 0.7484375 0.79375 0.7484375 0.8015625 0.74375 0.8046875 0.7453125 0.8203125 0.740625 0.83125 0.7390625 0.85 0.7453125 0.8546875 0.7640625 0.8453125 0.759375 0.88125 0.7484375 0.8921875 0.74375 0.8921875 0.7375 0.884375 0.734375 0.86875 0.721875 0.8453125 0.734375 0.8 0.7375 0.7984375 0.740625 0.8015625 0.7453125 0.8015625 0.7515625 0.7875
3 0.48295454531250004 0.41319444375 0.484375 0.42881944375 0.48863636406250005 0.42881944375 0.49431818125 0.39930555624999997 0.497159090625 0.29340277812500004 0.48295454531250004 0.237847221875 0.47869318125 0.23263888906250002 0.471590909375 0.237847221875 0.471590909375 0.3489583328125 0.48011363593749995 0.3541666671875 0.47301136406250005 0.39930555624999997 0.48295454531250004 0.41319444375