3 0.5040397734375001 0.41809375 0.5096732953124999 0.4269479171875 0.514703125 0.42719270781249996 0.52275 0.428668403125 0.5187272734375 0.45621354218750004 0.5241477265625 0.597222221875 0.5383522734375 0.6041666671875 0.5411931812499999 0.5243055562500001 0.5355113640625 0.4947916671875 0.5369318187500001 0.4826388890625 0.5596590906250001 0.46180555625 0.5582386359375 0.42534722187499996 0.5454545453125 0.36805555624999997 0.5340909093749999 0.36284722187499996 0.5241477265625 0.375 0.53125 0.40277777812500004 0.5277798296875 0.41391145781249994 0.5042414765625 0.40923958281250006 0.5040397734375001 0.41809375
3 0.43181818125 0.484375 0.46164772656249997 0.6805555562500001 0.47301136406250005 0.6875 0.48863636406250005 0.6788194437499999 0.47727272656249997 0.612847221875 0.481534090625 0.5763888890625 0.49289772656249997 0.5520833328125 0.49289772656249997 0.5260416671875 0.47443181875 0.4548611109375 0.450284090625 0.40972222187499996 0.44460227343750003 0.4079861109375 0.43892045468749996 0.4166666671875 0.44460227343750003 0.4479166671875 0.44176136406250005 0.4635416671875 0.43181818125 0.4704861109375 0.43181818125 0.484375
3 0.53125 0.27256944375000003 0.5227272734375 0.2795138890625 0.5213068187500001 0.3767361109375 0.5454545453125 0.36284722187499996 0.5397727265625 0.2829861109375 0.53125 0.27256944375000003
3 0.5411931812499999 0.59375 0.5298295453125 0.6857638890625 0.5326704546875 0.6944444437499999 0.5397727265625 0.6944444437499999 0.5440340906250001 0.684027778125 0.5568181812499999 0.684027778125 0.5639204546875 0.671875 0.5681818187500001 0.5711805562500001 0.5852272734375 0.47743055625 0.5823863640625 0.4704861109375 0.5696022734375 0.4704861109375 0.5553977265625 0.46006944375 0.5355113640625 0.48784722187499996 0.5411931812499999 0.5138888890625 0.5355113640625 0.5243055562500001 0.5411931812499999 0.5416666671875 0.5411931812499999 0.59375
3 0.25994318125000004 0.8975694437499999 0.25142045468749996 0.902777778125 0.25142045468749996 0.9131944437499999 0.2613636359375 0.9357638890625 0.2855113640625 0.949652778125 0.29119318125000004 0.980902778125 0.31392045468749996 0.9947916671874999 0.31960227343750003 0.9861111109375 0.31107954531250004 0.9739583328125001 0.29971590937500003 0.9236111109375 0.29403409062499997 0.8645833328125001 0.3081633515625 0.83861805625 0.28409090937500003 0.7829861109375 0.2855113640625 0.769097221875 0.25852272656249997 0.6944444437499999 0.24431818125000002 0.690972221875 0.237215909375 0.706597221875 0.234375 0.7795138890625 0.24431818125000002 0.859375 0.25994318125000004 0.8836805562500001 0.25994318125000004 0.8975694437499999
3 0.0980113640625 0.6614583328125 0.1079545453125 0.6666666671875 0.12215909062500001 0.6944444437499999 0.1335227265625 0.7986111109375 0.1363636359375 0.8107638890625 0.14346590937499998 0.8142361109375 0.1519886359375 0.793402778125 0.15056818125 0.7795138890625 0.1448863640625 0.7795138890625 0.14204545468750002 0.769097221875 0.14204545468750002 0.7604166671875 0.15056818125 0.7517361109375 0.15056818125 0.730902778125 0.140625 0.7083333328125 0.13778409062500002 0.64699131875 0.14630681875 0.628472221875 0.1633522734375 0.6319444437499999 0.16619318125 0.6232638890625 0.1448863640625 0.5989583328125 0.11505681875 0.5416666671875 0.1136363640625 0.5086805562500001 0.1051136359375 0.5 0.09375 0.512152778125 0.0980113640625 0.5520833328125 0.0852272734375 0.5729166671875 0.09232954531250001 0.637152778125 0.0980113640625 0.6614583328125
3 0.9701704546875 0.9149305562500001 0.9701704546875 0.8975694437499999 0.9616477265625001 0.8819444437499999 0.9559659093749999 0.8802083328125001 0.94744318125 0.894097221875 0.9034090906250001 0.9930555562500001 0.9019886359375 0.9982638890625 0.9502840906250001 0.9982638890625 0.96306818125 0.9635416671874999 0.9701704546875 0.9149305562500001
3 0.484375 0.5711805562500001 0.48295454531250004 0.605902778125 0.49005681875 0.6180555562500001 0.49431818125 0.5572916671875 0.484375 0.5711805562500001
3 0.49431818125 0.53125 0.5099431812499999 0.4861111109375 0.515625 0.4427083328125 0.48579545468749996 0.3732638890625 0.47585227343750003 0.3697916671875 0.46732954531250004 0.3802083328125 0.47443181875 0.4166666671875 0.465909090625 0.4392361109375 0.48295454531250004 0.4739583328125 0.49431818125 0.53125
2 0.26138494375 0.9032656250000001 0.2665710234375 0.9089704859375001 0.2712386359375 0.914675346875 0.2733139203125 0.9108715281249999 0.2738323859375 0.9058020828125001 0.2717571015625 0.8981944437499999 0.26605255625 0.886784721875 0.26138494375 0.875375 0.254643465625 0.8741076390625 0.2587926140625 0.88425 0.26138494375 0.895659721875 0.26138494375 0.9032656250000001
1 0.49009801093750005 0.4658958328125 0.4875042609375 0.4735017359375 0.4864673296875 0.4804739578125 0.4880227265625 0.493784721875 0.49320880625 0.50075868125 0.5015071015625 0.5039270828125 0.5113607953125 0.49441840312499996 0.5118792609375 0.48744618125 0.5113607953125 0.4665295140625 0.5087670453124999 0.45575347187500004 0.506174715625 0.44497743125 0.503580965625 0.43356770781250004 0.5020255687499999 0.42342534687500005 0.5015071015625 0.41328298593749996 0.49632102343750006 0.4056770828125 0.4978764203125 0.412015625 0.4999517046875 0.4177204859375 0.5020255687499999 0.427862846875 0.49839488593750003 0.4342013890625 0.4937272734375 0.4411736109375 0.49009801093750005 0.437371528125 0.4843920453125 0.43166666718749996 0.47972443125 0.42279166718749994 0.4729829546875 0.42596180625 0.480762784375 0.43356770781250004 0.48854119375 0.44497743125 0.49217187500000004 0.45321701406250003 0.49009801093750005 0.4658958328125
1 0.5336619312499999 0.5216753468750001 0.5393664765625 0.5178732640625 0.5362542609375 0.5045607640625 0.5232897734375 0.48871354218749996 0.5206960234375 0.49885590312500006 0.5206960234375 0.51089930625 0.5243267046875 0.517237846875 0.5336619312499999 0.5216753468750001
2 0.509875 0.40923958281250006 0.5056491484375 0.40899305625000004 0.503034090625 0.41046875 0.5028323859375 0.41292881875000004 0.5032357953125 0.41489583281250003 0.5040397734375001 0.41809375 0.5050454546875 0.4203072921875 0.506856534375 0.423012153125 0.5092713062499999 0.42621006875 0.5112826703125 0.4276857640625 0.51369744375 0.4269479171875 0.5159105109375 0.42448784687499996 0.51530681875 0.41514236093749995 0.5159105109375 0.411699653125 0.5138977265625 0.41022395781250004 0.509875 0.40923958281250006
2 0.44710369375000003 0.58165625 0.44831107968749995 0.5833784718749999 0.45052414843750005 0.5838697921875 0.4521335234375 0.5838697921875 0.45334090937499993 0.58313194375 0.4545482953125 0.58116493125 0.454346590625 0.5782135421875 0.4536008515625 0.5740173609375 0.4493167609375 0.574277778125 0.44710369375000003 0.5757534718749999 0.44690340937500006 0.57846006875 0.44710369375000003 0.58165625
2 0.2985738640625 0.8379079859375 0.3042571015625 0.8397361109375 0.30372443125 0.83474305625 0.302450284375 0.8284305562500001 0.299015625 0.8205052078125 0.29469744375 0.8215850687499999 0.2959886359375 0.829484375 0.2959886359375 0.8347482640624999 0.2985738640625 0.8379079859375