3 0.10369318125 0.769097221875 0.1207386359375 0.7569444437499999 0.1335227265625 0.7829861109375 0.13778409062500002 0.777777778125 0.1363636359375 0.75 0.1292613640625 0.7361111109375 0.1292613640625 0.6822916671875 0.1164772734375 0.6614583328125 0.1321022734375 0.581597221875 0.11221590937499999 0.5069444437499999 0.1022727265625 0.49305555625 0.09517045468749999 0.4479166671875 0.075284090625 0.453125 0.075284090625 0.4704861109375 0.0625 0.5086805562500001 0.03693181875 0.5607638890625 0.0355113640625 0.581597221875 0.0454545453125 0.5954861109375 0.05681818125 0.590277778125 0.065340909375 0.6041666671875 0.05681818125 0.628472221875 0.07670454531250001 0.6892361109375 0.07954545468749999 0.7517361109375 0.08806818125 0.7795138890625 0.1008522734375 0.7829861109375 0.10369318125 0.769097221875
3 0.205965909375 0.8802083328125001 0.19318181875 0.855902778125 0.19318181875 0.78125 0.2017045453125 0.7708333328125 0.2045454546875 0.7482638890625 0.1960227265625 0.675347221875 0.203125 0.628472221875 0.18607954531249998 0.574652778125 0.15482954531249998 0.5173611109375 0.14630681875 0.519097221875 0.13920454531249998 0.5329861109375 0.1363636359375 0.590277778125 0.1292613640625 0.597222221875 0.1235795453125 0.6232638890625 0.12215909062500001 0.6545138890625 0.1363636359375 0.6875 0.1321022734375 0.6979166671875 0.1363636359375 0.7118055562500001 0.1321022734375 0.7135416671875 0.15056818125 0.8072916671874999 0.1477272734375 0.8663194437499999 0.15340909062500002 0.875 0.2017045453125 0.894097221875 0.205965909375 0.8802083328125001
1 0.034090909375 0.5798611109375 0.0454545453125 0.6180555562500001 0.0482954546875 0.625 0.061079545312500004 0.628472221875 0.0696022734375 0.605902778125 0.0667613640625 0.5833333328125 0.053977273437499994 0.590277778125 0.0426136359375 0.581597221875 0.0355113640625 0.5642361109375 0.034090909375 0.5798611109375
3 0.6590909093749999 0.2552083328125 0.6463068187500001 0.2604166671875 0.6264204546875 0.3229166671875 0.625 0.3541666671875 0.6505681812499999 0.3697916671875 0.6619318187500001 0.36805555624999997 0.6590909093749999 0.2552083328125
1 0.07670454531250001 0.3420138890625 0.075284090625 0.36805555624999997 0.08806818125 0.375 0.09375 0.3645833328125 0.08806818125 0.3125 0.07670454531250001 0.3420138890625
3 0.1107954546875 0.2673611109375 0.1008522734375 0.2708333328125 0.0866477265625 0.3125 0.080965909375 0.34722222187499996 0.09232954531250001 0.36805555624999997 0.08806818125 0.42534722187499996 0.09375 0.44444444375 0.1079545453125 0.4635416671875 0.11505681875 0.5138888890625 0.1335227265625 0.5173611109375 0.1292613640625 0.46411979218750005 0.1335227265625 0.35069444375000003 0.1107954546875 0.2673611109375
3 0.1605113640625 0.21354166718749998 0.15340909062500002 0.21180555625 0.1477272734375 0.22048611093749998 0.15767045468750002 0.2638888890625 0.1448863640625 0.328125 0.1519886359375 0.33506944375000003 0.15056818125 0.38368055624999997 0.15767045468750002 0.39409722187499996 0.1803977265625 0.38194444375000003 0.1917613640625 0.34027777812500004 0.1917613640625 0.3107638890625 0.18181818125 0.24826388906250002 0.1605113640625 0.21354166718749998
2 0.0814829546875 0.54578819375 0.073375 0.546449653125 0.0691491484375 0.5601388890625 0.07013210156250001 0.5781666671875 0.0836448859375 0.56627256875 0.0814829546875 0.5563611109375 0.0814829546875 0.54578819375
2 0.1657982953125 0.6812482640625 0.16850142031249998 0.6647291671875 0.1527045453125 0.663144096875 0.151205965625 0.67794444375 0.1566107953125 0.6825694437500001 0.16309659062499998 0.6845520828125 0.1657982953125 0.6812482640625
2 0.17431392031249998 0.65610069375 0.16417755625 0.6594427078125 0.1674204546875 0.671996528125 0.17606818125 0.67794444375 0.18147301093749998 0.6700138890625 0.17431392031249998 0.65610069375
2 0.141237215625 0.327 0.15069318125 0.33030555625 0.156296875 0.3277361109375 0.1535710234375 0.3162048609375 0.1436889203125 0.31531944375 0.1373835234375 0.31746006875 0.141237215625 0.327