0 0.8358551140625 0.5889826390625 0.83543181875 0.592609375 0.8339630687499999 0.5977951390625 0.8362798296875 0.6143732640625 0.8379744312499999 0.621109375 0.8417897734374999 0.62577256875 0.8451803984374999 0.625253471875 0.8451803984374999 0.61644618125 0.8434857953125 0.60711805625 0.8417897734374999 0.5993454859375 0.83882244375 0.5936458328125 0.836703125 0.5889826390625 0.8358551140625 0.5889826390625
0 0.800674715625 0.6464982640625 0.7964360796875 0.6464982640625 0.8002499999999999 0.66100694375 0.79813068125 0.6703333328125 0.7964360796875 0.6791423609375 0.79474005625 0.682769096875 0.80236931875 0.6838055562500001 0.8066093750000001 0.6853611109375 0.809575284375 0.6853611109375 0.809575284375 0.6687795140625 0.8099999999999999 0.6553072921875 0.80872869375 0.6475347218749999 0.800674715625 0.6464982640625
0 0.79734943125 0.623484375 0.7964360796875 0.6335451390625 0.7960113640625 0.6475347218749999 0.7985553984375 0.6511614578125 0.80236931875 0.6439079859375 0.802794034375 0.6340625 0.8032173296874999 0.623699653125 0.8015227265625 0.620590278125 0.8002499999999999 0.6190364578125 0.79813068125 0.620590278125 0.79734943125 0.623484375
0 0.7031051140625 0.86214756875 0.701065340625 0.888324653125 0.7040326703125 0.896097221875 0.71166193125 0.896097221875 0.7146292609375 0.891434028125 0.7146292609375 0.876925346875 0.7142059656249999 0.8650069437499999 0.7095426140625001 0.8593072921875 0.7070000000000001 0.8561979171875 0.7048806812499999 0.8561979171875 0.7031051140625 0.86214756875
0 0.7149701703125 0.869605903125 0.7142059656249999 0.879515625 0.71590056875 0.88780555625 0.717171875 0.896097221875 0.720987215625 0.8981684031249999 0.72904119375 0.896097221875 0.7239545453125 0.8764062499999999 0.7239545453125 0.8650069437499999 0.7222585234375 0.8624166671875001 0.717596590625 0.8639704859374999 0.7149701703125 0.869605903125
2 0.7129332390625 0.86034375 0.7167485796874999 0.8624166671875001 0.720987215625 0.8613802078124999 0.72446306875 0.8493038187499999 0.719715909375 0.8390989578125 0.7108139203125 0.832362846875 0.7142059656249999 0.83961805625 0.71250994375 0.8442812500000001 0.7095426140625001 0.8473906250000001 0.70827130625 0.8494618062500001 0.7023366484375 0.8504982640625001 0.7057272734375 0.8541267359375 0.70911931875 0.857753471875 0.7129332390625 0.86034375
2 0.8574730109375001 0.6365000000000001 0.8570156250000001 0.6313576390625 0.8523863640625 0.626137153125 0.8443323859375 0.6266545140625001 0.8417897734374999 0.62872743125 0.8422130687499999 0.6370173609374999 0.842637784375 0.6406458328125 0.843909090625 0.643753471875 0.8472997156250001 0.64427256875 0.8523863640625 0.64478993125 0.856625 0.6421996531249999 0.8574730109375001 0.6365000000000001
0 0.704455965625 0.701269096875 0.701065340625 0.69867881875 0.6985227265625 0.697125 0.6946306812499999 0.708425346875 0.6858068187499999 0.723550346875 0.683262784375 0.731840278125 0.687078125 0.7416857640625001 0.7002173296875001 0.7536041671875 0.7065752843750001 0.74375868125 0.7108139203125 0.7245868062499999 0.7120866484375 0.717331596875 0.71166193125 0.7116319437499999 0.70827130625 0.7069687499999999 0.704455965625 0.701269096875
3 0.8551136359375 0.5295138890625 0.84943181875 0.534722221875 0.83380681875 0.5920138890625 0.83806818125 0.65625 0.8238636359375 0.7708333328125 0.83806818125 0.765625 0.8508522734374999 0.7482638890625 0.84943181875 0.7326388890625 0.8565340906250001 0.671875 0.8707386359375 0.628472221875 0.8721590906250001 0.5954861109375 0.8622159093749999 0.53125 0.8551136359375 0.5295138890625
3 0.81818181875 0.7899305562500001 0.8167613640625 0.7395833328125 0.8210227265625001 0.6961805562500001 0.8323863640625 0.6805555562500001 0.8366477265625001 0.6354166671875 0.8238636359375 0.574652778125 0.8153409093749999 0.5763888890625 0.7897727265625 0.640625 0.7897727265625 0.6614583328125 0.7954545453125 0.6805555562500001 0.7769886359375 0.8194444437499999 0.7769886359375 0.831597221875 0.78125 0.8333333328125001 0.7940340906250001 0.8211805562500001 0.7982954546875 0.7881944437499999 0.8082386359375 0.7864583328125 0.8125 0.793402778125 0.81818181875 0.7899305562500001
3 0.7230113640625 0.6423611109375 0.7116477265625 0.6232638890625 0.7017045453125 0.621527778125 0.6946022734375 0.6319444437499999 0.6917613640625 0.6493055562500001 0.6988636359375 0.6736111109375 0.6846590906250001 0.722222221875 0.6860795453125 0.7708333328125 0.6789772734375 0.9045138890625 0.6747159093749999 0.9166666671874999 0.6803977265625 0.9270833328125001 0.7002840906250001 0.9166666671874999 0.6988636359375 0.8541666671874999 0.7230113640625 0.796875 0.7301136359375 0.7569444437499999 0.7372159093749999 0.7430555562500001 0.7230113640625 0.6423611109375
3 0.7542613640625 0.9461805562500001 0.7613636359375 0.9618055562500001 0.7670454546875 0.9583333328125001 0.7585227265625 0.887152778125 0.78125 0.78125 0.7769886359375 0.7395833328125 0.7642045453125 0.7118055562500001 0.7627840906250001 0.684027778125 0.7428977265625 0.671875 0.7315340906250001 0.699652778125 0.7400568187500001 0.7447916671875 0.7201704546875 0.8229166671874999 0.7045454546875 0.8506944437499999 0.7130681812499999 0.8697916671874999 0.7272727265625 0.8802083328125001 0.7272727265625 0.9826388890625 0.7102272734375 0.9982638890625 0.7400568187500001 0.996527778125 0.7386363640625 0.953125 0.7542613640625 0.9461805562500001
3 0.3238636359375 0.581597221875 0.32670454531250004 0.565972221875 0.31107954531250004 0.527777778125 0.3167613640625 0.503472221875 0.296875 0.43402777812500004 0.27982954531250004 0.4010416671875 0.27130681874999996 0.39930555624999997 0.26704545468749996 0.4079861109375 0.2698863640625 0.4635416671875 0.25568181874999996 0.503472221875 0.2698863640625 0.4895833328125 0.27982954531250004 0.49652777812500004 0.28977272656249997 0.5260416671875 0.28835227343750003 0.5711805562500001 0.296875 0.574652778125 0.3125 0.559027778125 0.31818181874999996 0.5798611109375 0.3238636359375 0.581597221875
3 0.15482954531249998 0.4704861109375 0.15482954531249998 0.5329861109375 0.17045454531249998 0.5625 0.19034090937499998 0.6232638890625 0.1917613640625 0.605902778125 0.1803977265625 0.5711805562500001 0.1946022734375 0.5451388890625 0.18892045468750002 0.5295138890625 0.20236931875000003 0.5155052078125 0.16619318125 0.46180555625 0.15482954531249998 0.4704861109375
2 0.79556818125 0.651144096875 0.7934758515625 0.649097221875 0.79204119375 0.6503611109375 0.7895 0.6585607640625 0.7911732953125 0.6654670140625 0.79305681875 0.6708385421874999 0.7943125 0.6733958328125 0.79682244375 0.6733958328125 0.798497159375 0.6662343749999999 0.8005894890624999 0.6616302078125 0.7989147734375 0.658050346875 0.7970326703125 0.652934028125 0.79556818125 0.651144096875
2 0.2553082390625 0.5040520828124999 0.25690625 0.5068732640625 0.26010369375 0.504703125 0.26241193125 0.5023142359375 0.2609914765625 0.5012291671875 0.2578125 0.49769965312500003 0.255840909375 0.501012153125 0.2553082390625 0.5040520828124999
2 0.19289772656249998 0.5141927078124999 0.19206818125 0.51507118125 0.19206818125 0.517675346875 0.1922457390625 0.52136631875 0.1922457390625 0.5246232640625 0.19739630625 0.5215833328125 0.1998835234375 0.5183263890625 0.2002386359375 0.51528819375 0.1988167609375 0.5120312499999999 0.19289772656249998 0.5141927078124999