3 0.9985795453125 0.9982638890625 0.9985795453125 0.824652778125 0.9914772734374999 0.7795138890625 0.9801136359375 0.784722221875 0.9346590906250001 0.8854166671874999 0.9332386359375 0.8975694437499999 0.94744318125 0.934027778125 0.9346590906250001 0.9982638890625 0.9985795453125 0.9982638890625
3 0.5284090906250001 0.8993055562500001 0.5355113640625 0.9079861109375 0.5525568187500001 0.890625 0.5724431812499999 0.890972221875 0.5724431812499999 0.9270833328125001 0.5795454546875 0.9392361109375 0.5795454546875 0.9583333328125001 0.5767045453125 0.965277778125 0.5667613640625 0.9600694437499999 0.5696022734375 0.9947916671874999 0.6335227265625 0.9982638890625 0.6448863640625 0.9444444437499999 0.6448863640625 0.9114583328125001 0.6292613640625 0.8142361109375 0.6065340906250001 0.7725694437499999 0.5994318187500001 0.7673611109375 0.5809659093749999 0.7725694437499999 0.5653409093749999 0.840277778125 0.5426136359375 0.878472221875 0.5284090906250001 0.887152778125 0.5284090906250001 0.8993055562500001
3 0.8522727265625001 0.9079861109375 0.8622159093749999 0.902777778125 0.8678977265625001 0.887152778125 0.8792613640625 0.8923611109375 0.8778409093749999 0.8993055562500001 0.8934659093749999 0.8923611109375 0.9034090906250001 0.8645833328125001 0.9105113640625 0.855902778125 0.921875 0.855902778125 0.9389204546875 0.762152778125 0.9346590906250001 0.730902778125 0.9375 0.6892361109375 0.9303977265625001 0.6770833328125 0.9204545453125 0.684027778125 0.91193181875 0.7100694437499999 0.8934659093749999 0.7204861109375 0.8565340906250001 0.828125 0.8579545453125 0.8420138890625 0.8678977265625001 0.8489583328125001 0.8551136359375 0.878472221875 0.8522727265625001 0.9079861109375
3 0.0241477265625 0.9131944437499999 0.07244318125 0.9982638890625 0.1051136359375 0.9982638890625 0.0696022734375 0.8229166671874999 0.049715909375 0.7795138890625 0.0326704546875 0.769097221875 0.02130681875 0.7430555562500001 0.012784090625 0.7430555562500001 0.008522726562500001 0.7482638890625 0.012784090625 0.7829861109375 0.009943181249999999 0.855902778125 0.0241477265625 0.9131944437499999
3 0.47017045468749996 0.7395833328125 0.49289772656249997 0.6857638890625 0.49857954531250004 0.6857638890625 0.5028409093749999 0.6388888890625 0.5056818187500001 0.578125 0.5 0.5069444437499999 0.5042613640625 0.4826388890625 0.49005681875 0.4375 0.47585227343750003 0.4392361109375 0.47585227343750003 0.4670138890625 0.46022727343750003 0.5017361109375 0.455965909375 0.5920138890625 0.46448863593749995 0.621527778125 0.46448863593749995 0.734375 0.47017045468749996 0.7395833328125
3 0.515625 0.7291666671875 0.5397727265625 0.7135416671875 0.5355113640625 0.6892361109375 0.5397727265625 0.637152778125 0.5596590906250001 0.5850694437499999 0.5553977265625 0.4826388890625 0.5426136359375 0.4583333328125 0.5397727265625 0.43055555625 0.5269886359375 0.4357638890625 0.5241477265625 0.46180555625 0.5071022734375 0.48090277812500004 0.5028409093749999 0.4947916671875 0.5014204546875 0.5416666671875 0.5099431812499999 0.6135416671875 0.5042613640625 0.71875 0.515625 0.7291666671875
3 0.5724431812499999 0.668402778125 0.5767045453125 0.7013888890625 0.5838068187500001 0.706597221875 0.5951704546875 0.6805555562500001 0.6065340906250001 0.6163194437499999 0.6306818187500001 0.5694444437499999 0.6264204546875 0.484375 0.6036931812499999 0.421875 0.5923295453125 0.42534722187499996 0.5724431812499999 0.49131944375 0.5710227265625 0.543402778125 0.578125 0.5694444437499999 0.5795454546875 0.6180555562500001 0.5724431812499999 0.668402778125
0 0.5503579546874999 0.611737846875 0.55400994375 0.60727256875 0.546340909375 0.596559028125 0.5437855109374999 0.6050416671875001 0.5405 0.6130763890625001 0.5437855109374999 0.61709375 0.5503579546874999 0.611737846875
3 0.47727272656249997 0.3333333328125 0.48295454531250004 0.30555555624999997 0.47301136406250005 0.25694444375000003 0.465909090625 0.2604166671875 0.455965909375 0.29340277812500004 0.45170454531250004 0.31944444375000003 0.45880681875 0.3298611109375 0.465909090625 0.3263888890625 0.47727272656249997 0.3333333328125
1 0.5921875 0.534375 0.59375 0.54375 0.6015625 0.5453125 0.6125 0.55625 0.6125 0.575 0.6078125 0.5828125 0.5984375 0.5859375 0.5890625 0.58125 0.5796875 0.5828125 0.578125 0.5796875 0.578125 0.56875 0.590625 0.5359375
1 0.5921875 0.5328125 0.59375 0.5375 0.5921875 0.578125 0.5890625 0.58125 0.58125 0.5828125 0.578125 0.578125 0.5796875 0.5609375 0.5890625 0.5375 0.5921875 0.534375
1 0.4921875 0.5859375 0.015625 0.03671875
1 0.584375 0.46875 0.5890625 0.4734375 0.590625 0.48125 0.5921875 0.53125 0.5984375 0.540625 0.603125 0.5390625 0.6046875 0.546875 0.6125 0.5546875 0.6140625 0.5671875 0.6125 0.58125 0.60625 0.584375 0.6015625 0.5859375 0.59375 0.5828125 0.58125 0.584375 0.578125 0.58125 0.5796875 0.559375 0.590625 0.534375 0.5859375 0.5015625 0.584375 0.4703125
1 0.4734375 0.4875 0.478125 0.496875 0.478125 0.503125 0.48125 0.50625 0.484375 0.534375 0.4921875 0.559375 0.4875 0.565625 0.484375 0.534375 0.4734375 0.496875 0.4734375 0.4890625
2 0.6203125 0.5765625 0.6234375 0.5765625 0.628125 0.58125 0.628125 0.59375 0.625 0.6 0.6203125 0.603125 0.61875 0.6 0.61875 0.5796875 0.6203125 0.578125
2 0.5890625 0.9671875 0.5953125 0.9828125 0.5953125 0.9890625 0.590625 0.9921875 0.5828125 0.9921875 0.578125 0.9859375 0.578125 0.96875 0.58125 0.965625 0.5875 0.9671875
2 0.553125 0.59140625 0.0125 0.03671875
2 0.51875 0.5140625 0.521875 0.5140625 0.5296875 0.5234375 0.528125 0.5359375 0.51875 0.540625 0.515625 0.5328125 0.515625 0.5234375 0.51875 0.515625
2 0.0609375 0.975 0.075 0.9734375 0.0765625 0.978125 0.0765625 0.9953125 0.071875 0.9953125 0.0625 0.9875 0.0609375 0.9765625
2 0.9375 0.88125 0.94375 0.884375 0.94375 0.9015625 0.940625 0.90625 0.940625 0.9109375 0.9375 0.9125 0.934375 0.9015625 0.934375 0.8890625 0.9375 0.8828125
2 0.4625 0.5734375 0.4640625 0.575 0.4640625 0.603125 0.4609375 0.6046875 0.4578125 0.6 0.4578125 0.5796875 0.4609375 0.575
2 0.8640625 0.8109375 0.86875 0.815625 0.8671875 0.8328125 0.8625 0.84375 0.859375 0.8453125 0.8578125 0.840625 0.859375 0.8171875 0.8640625 0.8125
2 0.4625 0.31875 0.4671875 0.3234375 0.4640625 0.3296875 0.459375 0.3296875 0.45625 0.325 0.45625 0.321875 0.4609375 0.31875
2 0.921875 0.8375 0.925 0.8375 0.925 0.85 0.921875 0.859375 0.91875 0.8625 0.915625 0.859375 0.915625 0.85 0.921875 0.8390625
2 0.6203125 0.5765625 0.625 0.5765625 0.628125 0.58125 0.628125 0.5859375 0.625 0.5890625 0.6203125 0.5890625 0.61875 0.5875 0.6203125 0.578125
2 0.9421875 0.8953125 0.95 0.903125 0.95 0.9140625 0.946875 0.9234375 0.9421875 0.925 0.9375 0.91875 0.9375 0.9046875 0.940625 0.903125 0.9421875 0.896875
2 0.5390625 0.8953125 0.02421875 0.0296875