0 0.46875 0.5013888890625 0.4703125 0.4986111109375 0.470703125 0.4875 0.467578125 0.48333333281249996 0.45625 0.4875 0.45625 0.49583333281249997 0.459375 0.5013888890625 0.46875 0.5013888890625
3 0.475 0.61875 0.475390625 0.6263888890625 0.471484375 0.634027778125 0.4625 0.64305555625 0.46328125 0.65 0.46796875 0.652777778125 0.484375 0.6451388890625 0.48671875 0.6416666671875 0.48828125 0.6298611109375 0.484375 0.61319444375 0.484375 0.6034722218749999 0.493359375 0.590277778125 0.498828125 0.5868055562500001 0.504296875 0.56875 0.508984375 0.5645833328125 0.514453125 0.5333333328125 0.515625 0.515972221875 0.5140625 0.46180555625 0.508984375 0.44305555625000004 0.49765625 0.425 0.491015625 0.42152777812500003 0.485546875 0.40208333281249997 0.480859375 0.3986111109375 0.473828125 0.39930555624999997 0.4703125 0.40416666718750005 0.46640625 0.42222222187499997 0.47109375 0.43819444374999994 0.478125 0.4479166671875 0.478515625 0.47083333281249995 0.476953125 0.47430555625000004 0.465234375 0.48333333281249996 0.45625 0.48680555625000005 0.455859375 0.49513888906250003 0.459375 0.5013888890625 0.4703125 0.5013888890625 0.47265625 0.49652777812500004 0.477734375 0.49444444374999996 0.4796875 0.501215278125 0.48046875 0.5451388890625 0.477734375 0.5798611109375 0.47890625 0.6041666671875 0.475 0.61875
3 0.509765625 0.15625 0.50703125 0.140972221875 0.50859375 0.1298611109375 0.506640625 0.12291666718750001 0.50234375 0.12291666718750001 0.4984375 0.1298611109375 0.49375 0.14375 0.492578125 0.1541666671875 0.491015625 0.19583333281249998 0.49609375 0.20416666718749998 0.497265625 0.21006944375 0.492578125 0.24444444375000002 0.501171875 0.24444444375000002 0.51015625 0.2375 0.50546875 0.2201388890625 0.50625 0.20833333281250002 0.5109375 0.1854166671875 0.509765625 0.15625
3 0.473828125 0.2076388890625 0.477734375 0.20277777812500003 0.480078125 0.171527778125 0.484765625 0.15555555625 0.48515625 0.13680555625 0.483203125 0.1263888890625 0.47734375 0.1111111109375 0.473828125 0.10694444375 0.4703125 0.1111111109375 0.471484375 0.121527778125 0.4703125 0.13680555625 0.4625 0.1541666671875 0.46328125 0.1583333328125 0.46640625 0.15972222187500001 0.46640625 0.17986111093749999 0.46796875 0.1888888890625 0.46640625 0.2 0.4703125 0.20138888906250002 0.473828125 0.2076388890625
3 0.776171875 0.9833333328125 0.79140625 0.9381944437499999 0.810546875 0.8993055562500001 0.81328125 0.8979166671875 0.818359375 0.909722221875 0.822265625 0.9076388890624999 0.82578125 0.8791666671874999 0.833203125 0.8652777781250001 0.8390625 0.8354166671875 0.840625 0.81875 0.839453125 0.8 0.83671875 0.790277778125 0.8265625 0.7826388890625 0.837109375 0.759027778125 0.83671875 0.7375 0.83125 0.7208333328125 0.827734375 0.71875 0.817578125 0.7208333328125 0.812109375 0.73125 0.80703125 0.7479166671875 0.80703125 0.76805555625 0.8046875 0.7791666671875 0.796875 0.778472221875 0.788671875 0.7861111109375 0.773828125 0.8173611109375001 0.76875 0.8368055562500001 0.761328125 0.85555555625 0.756640625 0.9 0.746875 0.940277778125 0.746484375 0.95625 0.74765625 0.959722221875 0.7515625 0.9638888890624999 0.75546875 0.959722221875 0.761328125 0.9701388890624999 0.75390625 0.9861111109375 0.753125 0.9993055562500001 0.777734375 0.9993055562500001 0.778125 0.990972221875 0.776171875 0.9833333328125
1 0.75859375 0.8451388890624999 0.75859375 0.8520833328125 0.762109375 0.85694444375 0.773046875 0.82430555625 0.76875 0.8194444437499999 0.76328125 0.82430555625 0.7609375 0.83055555625 0.76171875 0.83819444375 0.75859375 0.8451388890624999
1 0.81796875 0.796527778125 0.819921875 0.7895833328124999 0.812890625 0.790277778125 0.788671875 0.821527778125 0.7859375 0.8298611109375 0.786328125 0.8368055562500001 0.806640625 0.8125 0.81796875 0.796527778125
2 0.5041585937499999 0.5690270828124999 0.50627421875 0.5690270828124999 0.5078609375 0.5690270828124999 0.509448046875 0.5605625 0.5078609375 0.55868194375 0.50215859375 0.55635555625 0.5009847656249999 0.5652652781249999 0.5041585937499999 0.5690270828124999
2 0.482223046875 0.16262569375 0.48192851562500005 0.16105486093750002 0.47993046875 0.1605 0.479473828125 0.16332430625 0.4784921875 0.16524444375 0.478001171875 0.1671645828125 0.478394140625 0.1675138890625 0.47878671875 0.1675138890625 0.479572265625 0.1675138890625 0.48173203124999997 0.166990278125 0.48241914062499996 0.16576805625 0.482223046875 0.16262569375
0 0.4672015625 0.15442083281250002 0.467103515625 0.1521513890625 0.46524687499999995 0.15212430625 0.463863671875 0.151627778125 0.46258710937499997 0.15232569375 0.462292578125 0.15511944375 0.46219453125000004 0.1584361109375 0.46406015624999997 0.159309028125 0.46563085937500004 0.159309028125 0.466514453125 0.159134028125 0.4673 0.1584361109375 0.4672015625 0.1559923609375 0.4672015625 0.15442083281250002
2 0.46736679687500005 0.149890971875 0.465336328125 0.15023124999999998 0.46396171875 0.1509291671875 0.46513984375 0.15180208281250002 0.466514453125 0.151453471875 0.467103515625 0.151453471875 0.4672015625 0.1535479171875 0.4673 0.15442083281250002 0.467790625 0.15250069375 0.467692578125 0.15127847187500001 0.46736679687500005 0.149890971875