0 0.5284090906250001 0.43055555625 0.5255681812499999 0.4357638890625 0.5241477265625 0.453125 0.53125 0.4548611109375 0.5326704546875 0.43402777812500004 0.5284090906250001 0.43055555625
2 0.5322315343749999 0.425543403125 0.525765625 0.42734201406250005 0.5261164765624999 0.4337916671875 0.5286477265625 0.4317291671875 0.5332869312499999 0.43430729218749997 0.5322315343749999 0.425543403125
2 0.48457812499999997 0.40724131874999997 0.47996022656250004 0.40879513906250003 0.48015056874999995 0.41909895781250006 0.4831022734375 0.4175520828125 0.48457812499999997 0.41548958281250004 0.48457812499999997 0.40724131874999997
2 0.17030255625 0.725559028125 0.17422301093749998 0.71513194375 0.1591321015625 0.70330381875 0.157890625 0.7134201390625 0.17030255625 0.725559028125
2 0.15823437499999998 0.68278819375 0.16657954531250002 0.6901545140625001 0.170715909375 0.6835798609375 0.1690610796875 0.677003471875 0.15823437499999998 0.68278819375
2 0.2348394890625 0.5739670140625 0.2232926140625 0.5729479171875 0.21829119375 0.578012153125 0.223669034375 0.58306944375 0.2311164765625 0.5815520828125 0.2348394890625 0.5739670140625
0 0.2329545453125 0.5381944437499999 0.22443181874999998 0.5364583328125 0.21875 0.550347221875 0.2272727265625 0.5677083328125 0.2357954546875 0.5538194437499999 0.2329545453125 0.5381944437499999
3 0.2329545453125 0.699652778125 0.2329545453125 0.7413194437499999 0.2414772734375 0.746527778125 0.2329545453125 0.5798611109375 0.237215909375 0.5625 0.221590909375 0.559027778125 0.21875 0.550347221875 0.2272727265625 0.5364583328125 0.22443181874999998 0.47743055625 0.2173295453125 0.484375 0.215909090625 0.515625 0.20880681874999998 0.534722221875 0.20880681874999998 0.5850694437499999 0.2258522734375 0.5989583328125 0.21875 0.6545138890625 0.2329545453125 0.699652778125
3 0.1917613640625 0.862847221875 0.2173295453125 0.8802083328125001 0.22869318125000002 0.8524305562500001 0.2144886359375 0.7708333328125 0.215909090625 0.7256944437499999 0.2017045453125 0.6857638890625 0.1946022734375 0.637152778125 0.18181818125 0.6006944437499999 0.17471590937499998 0.5954861109375 0.16619318125 0.609375 0.171875 0.652777778125 0.15909090937499998 0.6822916671875 0.17045454531249998 0.6979166671875 0.15909090937499998 0.7048611109375 0.15767045468750002 0.7135416671875 0.1917613640625 0.862847221875
3 0.30681818125000004 0.878472221875 0.28977272656249997 0.8489583328125001 0.27982954531250004 0.8506944437499999 0.2613636359375 0.8819444437499999 0.27414772656249997 0.9982638890625 0.33522727343750003 0.9982638890625 0.31960227343750003 0.887152778125 0.30681818125000004 0.878472221875
3 0.6136363640625 0.980902778125 0.6264204546875 0.972222221875 0.6178977265625 0.9166666671874999 0.6619318187500001 0.7482638890625 0.6590909093749999 0.6961805562500001 0.6448863640625 0.6805555562500001 0.6377840906250001 0.637152778125 0.6292613640625 0.6267361109375 0.6164772734375 0.6388888890625 0.5909090906250001 0.7829861109375 0.5880681812499999 0.8836805562500001 0.6008522734375 0.9357638890625 0.6022727265625 0.9739583328125001 0.6136363640625 0.980902778125
3 0.49857954531250004 0.5208333328125 0.5028409093749999 0.5086805562500001 0.5099431812499999 0.5086805562500001 0.5127840906250001 0.5173611109375 0.5184659093749999 0.5173611109375 0.5184659093749999 0.4427083328125 0.53125 0.42534722187499996 0.5113636359375 0.3263888890625 0.5042613640625 0.3142361109375 0.497159090625 0.31597222187499996 0.481534090625 0.3611111109375 0.48011363593749995 0.41493055625 0.49005681875 0.46180555625 0.49147727343750003 0.515625 0.49857954531250004 0.5208333328125
3 0.46732954531250004 0.215277778125 0.46164772656249997 0.22048611093749998 0.45454545468749996 0.2638888890625 0.47301136406250005 0.27256944375000003 0.47301136406250005 0.222222221875 0.46732954531250004 0.215277778125
3 0.9289772734374999 0.9982638890625 0.9389204546875 0.9982638890625 0.96306818125 0.9079861109375 0.97869318125 0.90625 0.9985795453125 0.8697916671874999 0.9985795453125 0.7517361109375 0.96875 0.769097221875 0.9559659093749999 0.7916666671875 0.9559659093749999 0.8298611109375 0.9488636359375 0.859375 0.9417613640625 0.8767361109375 0.9105113640625 0.9131944437499999 0.91619318125 0.9444444437499999 0.9232954546875 0.9444444437499999 0.9346590906250001 0.9600694437499999 0.9289772734374999 0.9982638890625
1 0.2 0.5703125 0.20625 0.5703125 0.209375 0.5734375 0.2109375 0.5890625 0.215625 0.5921875 0.2203125 0.590625 0.234375 0.6078125 0.2359375 0.6484375 0.2375 0.65 0.2359375 0.659375 0.2265625 0.6640625 0.21875 0.6578125 0.21875 0.6546875 0.20625 0.6390625 0.19375 0.628125 0.1953125 0.5953125 0.2 0.571875
1 0.9765625 0.7640625 0.9828125 0.7640625 0.9875 0.7703125 0.990625 0.790625 0.9875 0.796875 0.9875 0.7828125 0.98125 0.7703125 0.975 0.7765625 0.9671875 0.7921875 0.9640625 0.81875 0.95625 0.828125 0.953125 0.8171875 0.95625 0.7890625 0.959375 0.7796875 0.9671875 0.76875 0.9765625 0.765625