0 0.7195454546875 0.541703125 0.726034090625 0.5414548609375001 0.728465909375 0.53352256875 0.73049431875 0.5131979171875 0.72386505625 0.49478819375 0.720559659375 0.5211302078125 0.7197485796875001 0.5399670140625 0.7195454546875 0.541703125
0 0.46610795468750005 0.9668611109375 0.47030965937499997 0.9982638890625 0.48669460156250005 0.9980121531249999 0.48335085156249996 0.9759375 0.4783352265625 0.9612222218750001 0.46610795468750005 0.9668611109375
0 0.45459517031249996 0.9534548609375 0.463622159375 0.9460972218749999 0.47198153437499996 0.95059375 0.4666321015625 0.966534721875 0.47699715937500003 0.9616302078125001 0.478669034375 0.9563159718750001 0.45994460156250006 0.92933680625 0.4529232953125 0.9301545140625 0.44516477343750005 0.94235243125 0.45459517031249996 0.9534548609375
2 0.4699758515625 0.95059375 0.46261931875 0.94691319375 0.45407670468749994 0.953246528125 0.45593181875 0.9743020828125 0.46261931875 0.9689878468750001 0.4679701703125 0.9599947921875 0.4699758515625 0.95059375
2 0.709471590625 0.56230555625 0.7124446015625 0.552394096875 0.7105525562499999 0.5434739578125 0.7086605109375 0.5381875 0.6979829546875 0.5437447921875 0.7024460234375 0.5510729171875 0.7013636359375 0.5603229171875 0.709471590625 0.56230555625
2 0.7367670453125 0.5084513890625 0.7354147734375001 0.49523611093750003 0.7335241484374999 0.48631597187500003 0.7308210234375 0.48400347187500004 0.72703693125 0.485324653125 0.72514630625 0.4879670140625 0.724875 0.49556597187499996 0.72974005625 0.5124166671875 0.7367670453125 0.5084513890625
3 0.7173295453125 0.921875 0.7272727265625 0.815972221875 0.7471590906250001 0.7274305562500001 0.7571022734375 0.6423611109375 0.7571022734375 0.5729166671875 0.7301136359375 0.484375 0.7258522734375 0.503472221875 0.7329545453125 0.527777778125 0.7017045453125 0.5416666671875 0.7017045453125 0.5555555562500001 0.6761363640625 0.612847221875 0.6988636359375 0.671875 0.6988636359375 0.6927083328125 0.6974431812499999 0.7274305562500001 0.6761363640625 0.7916666671875 0.6860795453125 0.84375 0.6747159093749999 0.8576388890625 0.6732954546875 0.8697916671874999 0.6988636359375 0.890625 0.7130681812499999 0.925347221875 0.7173295453125 0.921875
3 0.47727272656249997 0.8489583328125001 0.47585227343750003 0.8888888890625 0.46022727343750003 0.9322916671874999 0.44886363593749995 0.9375 0.455965909375 0.9930555562500001 0.45880681875 0.9982638890625 0.5227272734375 0.9982638890625 0.5213068187500001 0.8802083328125001 0.5014204546875 0.84375 0.48295454531250004 0.8420138890625 0.47727272656249997 0.8489583328125001
3 0.7741477265625 0.9913194437499999 0.7713068187500001 0.9982638890625 0.8579545453125 0.9982638890625 0.859375 0.9895833328125001 0.8721590906250001 0.9895833328125001 0.8877840906250001 0.9670138890625 0.8877840906250001 0.9305555562500001 0.86931818125 0.921875 0.8309659093749999 0.934027778125 0.7897727265625 0.9826388890625 0.7741477265625 0.9913194437499999
3 0.058238635937500005 0.675347221875 0.0454545453125 0.6614583328125 0.0355113640625 0.637152778125 0.0227272734375 0.640625 0.0298295453125 0.722222221875 0.0397727265625 0.746527778125 0.0383522734375 0.769097221875 0.0625 0.8298611109375 0.0696022734375 0.8767361109375 0.09232954531250001 0.8697916671874999 0.0980113640625 0.878472221875 0.1022727265625 0.8541666671874999 0.080965909375 0.7881944437499999 0.058238635937500005 0.675347221875
1 0.04375 0.6640625 0.0453125 0.665625 0.0453125 0.73125 0.04375 0.73125 0.04375 0.715625 0.0421875 0.7140625 0.04375 0.7109375 0.04375 0.665625