2 0.328125 0.9828125 0.3421875 0.9828125 0.346875 0.99375 0.34375 0.9984375 0.328125 0.9984375 0.328125 0.984375
2 0.803125 0.70625 0.80625 0.7078125 0.803125 0.721875 0.7984375 0.721875 0.7921875 0.715625 0.7921875 0.709375 0.8015625 0.70625
2 0.8109375 0.7921875 0.8109375 0.7984375 0.815625 0.8046875 0.8140625 0.809375 0.8078125 0.8125 0.80625 0.8015625 0.8109375 0.79375
2 0.346875 0.9015625 0.3546875 0.903125 0.3578125 0.9109375 0.3578125 0.9203125 0.3453125 0.91875 0.34375 0.9140625 0.346875 0.903125
2 0.9453125 0.76875 0.95 0.76875 0.9515625 0.7734375 0.95 0.78125 0.9453125 0.7828125 0.94375 0.78125 0.9453125 0.7703125
2 0.4390625 0.446875 0.44375 0.446875 0.4453125 0.45 0.4453125 0.4625 0.440625 0.4625 0.4375 0.459375 0.4390625 0.4484375
2 0.4640625 0.278125 0.459375 0.275 0.459375 0.2703125 0.46875 0.26875 0.4671875 0.2765625 0.465625 0.2765625
0 0.787627840625 0.71881944375 0.788903409375 0.7211579859375 0.7954417609375 0.732855903125 0.8002258515625 0.7365607640625 0.8044019890625 0.7297065968750001 0.7924105109374999 0.70868055625 0.7900198859375 0.7123854171875 0.787627840625 0.71881944375
3 0.7769886359375 0.909722221875 0.7727272734375 0.921875 0.7542613640625 0.9357638890625 0.7613636359375 0.9461805562500001 0.7755681812499999 0.9461805562500001 0.7869318187500001 0.934027778125 0.8139204546875 0.84375 0.8366477265625001 0.800347221875 0.8522727265625001 0.715277778125 0.8522727265625001 0.684027778125 0.8323863640625 0.6232638890625 0.8252840906250001 0.625 0.81818181875 0.640625 0.8167613640625 0.659722221875 0.8238636359375 0.6788194437499999 0.8196022734374999 0.699652778125 0.7926136359375 0.7118055562500001 0.8110795453125 0.7326388890625 0.7869318187500001 0.878472221875 0.7741477265625 0.8854166671874999 0.7769886359375 0.909722221875
3 0.3323863640625 0.9930555562500001 0.32670454531250004 0.987847221875 0.32528409062499997 0.972222221875 0.33380681874999996 0.925347221875 0.35653409062499997 0.9149305562500001 0.35227272656249997 0.902777778125 0.33380681874999996 0.8854166671874999 0.33806818125000004 0.8541666671874999 0.32954545468749996 0.8350694437499999 0.3125 0.828125 0.30255681874999996 0.8368055562500001 0.28693181874999996 0.909722221875 0.2855113640625 0.9739583328125001 0.29119318125000004 0.996527778125 0.328125 0.9982638890625 0.3323863640625 0.9930555562500001
3 0.45454545468749996 0.5677083328125 0.44744318125 0.597222221875 0.46022727343750003 0.6232638890625 0.47585227343750003 0.612847221875 0.48295454531250004 0.4357638890625 0.471590909375 0.38368055624999997 0.465909090625 0.3767361109375 0.45454545468749996 0.38194444375000003 0.45454545468749996 0.40625 0.4375 0.4583333328125 0.44744318125 0.47743055625 0.45454545468749996 0.5677083328125
3 0.9190340906250001 0.8298611109375 0.9602272734374999 0.7986111109375 0.9701704546875 0.7725694437499999 0.9701704546875 0.7361111109375 0.96306818125 0.7361111109375 0.9176136359375 0.793402778125 0.9247159093749999 0.8020833328125001 0.9247159093749999 0.8125 0.9133522734374999 0.8229166671874999 0.9190340906250001 0.8298611109375
3 0.450284090625 0.265625 0.450284090625 0.2795138890625 0.45738636406250005 0.2795138890625 0.46022727343750003 0.28125 0.46448863593749995 0.27777777812500004 0.46875 0.26909722187499996 0.475875 0.26953125 0.47605397656250004 0.2526701390625 0.47265056875000006 0.23384027812500002 0.46448863593749995 0.21875 0.45880681875 0.21354166718749998 0.45454545468749996 0.215277778125 0.453125 0.21875 0.45170454531250004 0.25 0.44886363593749995 0.2552083328125 0.44886363593749995 0.2638888890625 0.450284090625 0.265625