1 0.1022727265625 0.48090277812500004 0.1008522734375 0.3454861109375 0.0980113640625 0.40659722187499997 0.0894886359375 0.4236111109375 0.05681818125 0.44097222187499996 0.05681818125 0.484375 0.061079545312500004 0.49131944375 0.07244318125 0.4947916671875 0.1022727265625 0.48090277812500004
2 0.1988636359375 0.824652778125 0.205965909375 0.8211805562500001 0.20880681874999998 0.8055555562500001 0.15388210156249998 0.7401614578125 0.1477272734375 0.71875 0.16193181875 0.6649305562500001 0.14346590937499998 0.644097221875 0.13068181875 0.6666666671875 0.12784090937499998 0.730902778125 0.13494318125 0.7482638890625 0.171875 0.8055555562500001 0.1988636359375 0.824652778125
1 0.16903409062500002 0.65625 0.2073863640625 0.659722221875 0.215909090625 0.777777778125 0.2102272734375 0.8194444437499999 0.19034090937499998 0.828125 0.19318181875 0.8454861109375 0.2073863640625 0.8454861109375 0.237215909375 0.8055555562500001 0.205965909375 0.6423611109375 0.19034090937499998 0.6024305562500001 0.17471590937499998 0.5850694437499999 0.1605113640625 0.5868055562500001 0.1477272734375 0.637152778125 0.14630681875 0.6805555562500001 0.15482954531249998 0.6666666671875 0.1647727265625 0.6666666671875 0.16903409062500002 0.65625
2 0.205965909375 0.203125 0.200284090625 0.21006944375 0.203125 0.22743055625 0.2173295453125 0.22569444375 0.21306818125000002 0.20486111093749998 0.205965909375 0.203125
2 0.1633522734375 0.43055555625 0.15482954531249998 0.43402777812500004 0.1605113640625 0.4670138890625 0.16903409062500002 0.45659722187499996 0.16903409062500002 0.44444444375 0.1633522734375 0.43055555625
2 0.1107954546875 0.7274305562500001 0.1008522734375 0.75 0.09943181875 0.7638888890625 0.1079545453125 0.7795138890625 0.11221590937499999 0.769097221875 0.1107954546875 0.7274305562500001
2 0.05255681875 0.4791666671875 0.0454545453125 0.47743055625 0.0426136359375 0.48784722187499996 0.049715909375 0.5017361109375 0.05681818125 0.4895833328125 0.05255681875 0.4791666671875
2 0.09232954531250001 0.8454861109375 0.109375 0.8055555562500001 0.10369318125 0.7743055562500001 0.0980113640625 0.7708333328125 0.09517045468749999 0.7760416671875 0.0696022734375 0.859375 0.0738636359375 0.8767361109375 0.08806818125 0.8732638890625 0.09232954531250001 0.8454861109375
2 0.1890511359375 0.3173489578125 0.18805255625 0.3081979171875 0.1783125 0.298824653125 0.1700710234375 0.302706596875 0.175565340625 0.3142986109375 0.1845553984375 0.32345138906250004 0.1890511359375 0.3173489578125
3 0.1448863640625 0.5173611109375 0.15056818125 0.527777778125 0.1647727265625 0.503472221875 0.1803977265625 0.5104166671875 0.1803977265625 0.5486111109375 0.1917613640625 0.574652778125 0.18892045468750002 0.5868055562500001 0.1960227265625 0.5989583328125 0.205965909375 0.5989583328125 0.2102272734375 0.590277778125 0.1960227265625 0.559027778125 0.19744318125 0.3611111109375 0.19034090937499998 0.3298611109375 0.1960227265625 0.3020833328125 0.19034090937499998 0.2604166671875 0.200284090625 0.23611111093749998 0.2201704546875 0.222222221875 0.2116477265625 0.20486111093749998 0.1832386359375 0.22569444375 0.17471590937499998 0.21701388906250002 0.1605113640625 0.14930555625 0.1363636359375 0.1458333328125 0.12784090937499998 0.15798611093749998 0.1136363640625 0.24826388906250002 0.1178977265625 0.2517361109375 0.14346590937499998 0.4322916671875 0.1448863640625 0.5173611109375
3 0.06392045468749999 0.49305555625 0.0738636359375 0.5225694437499999 0.096590909375 0.5208333328125 0.13068181875 0.5486111109375 0.1363636359375 0.546875 0.13778409062500002 0.4427083328125 0.15482954531249998 0.44097222187499996 0.1633522734375 0.44965277812500004 0.1605113640625 0.45659722187499996 0.1676136359375 0.45659722187499996 0.1633522734375 0.41319444375 0.15767045468750002 0.38715277812500004 0.140625 0.37152777812500004 0.1363636359375 0.34722222187499996 0.14204545468750002 0.32118055624999997 0.1321022734375 0.30555555624999997 0.1292613640625 0.2864583328125 0.10653409062500001 0.25868055624999997 0.0980113640625 0.21180555625 0.0866477265625 0.19618055625 0.07244318125 0.19965277812499999 0.06392045468749999 0.21354166718749998 0.06392045468749999 0.27430555624999997 0.044034090625 0.30381944375000003 0.0383522734375 0.34027777812500004 0.03693181875 0.4236111109375 0.044034090625 0.49131944375 0.049715909375 0.4982638890625 0.06392045468749999 0.49305555625
3 0.1051136359375 0.6493055562500001 0.109375 0.671875 0.10653409062500001 0.7291666671875 0.0852272734375 0.8194444437499999 0.06818181875 0.8576388890625 0.0696022734375 0.878472221875 0.0866477265625 0.878472221875 0.090909090625 0.8645833328125001 0.11221590937499999 0.871527778125 0.11505681875 0.9583333328125001 0.12642045468750002 0.9982638890625 0.203125 0.9982638890625 0.19744318125 0.9513888890625 0.2017045453125 0.871527778125 0.1960227265625 0.8541666671874999 0.215909090625 0.8385416671874999 0.2230113640625 0.8177083328125001 0.234375 0.8107638890625 0.2272727265625 0.793402778125 0.2173295453125 0.6892361109375 0.203125 0.6302083328125 0.1789772734375 0.5850694437499999 0.12784090937499998 0.5572916671875 0.1022727265625 0.5260416671875 0.0738636359375 0.5295138890625 0.06392045468749999 0.5399305562500001 0.058238635937500005 0.5642361109375 0.053977273437499994 0.5954861109375 0.058238635937500005 0.625 0.090909090625 0.6493055562500001 0.1051136359375 0.6493055562500001