3 0.78586065625 0.9408805031249999 0.784836065625 0.82641509375 0.7930327875 0.81006289375 0.7991803281250001 0.7748427671875 0.804303278125 0.685534590625 0.8002049187500001 0.6440251578125 0.7940573765625001 0.622641509375 0.7827868859375 0.6062893078125 0.77151639375 0.6075471703125 0.7602459015624999 0.62641509375 0.7612704921875 0.641509434375 0.7397540984375001 0.7169811328125 0.7469262296875 0.750943396875 0.7448770484375 0.8477987421875 0.7479508203125 0.9207547171874999 0.743852459375 0.9396226421874999 0.75717213125 0.9622641515625 0.7663934421875 0.9635220125 0.77151639375 0.9522012578125001 0.78586065625 0.9408805031249999
3 0.679303278125 0.841509434375 0.702868853125 0.532075471875 0.695696721875 0.5106918234375 0.681352459375 0.48679245312499997 0.681352459375 0.46289308125 0.6782786890625 0.459119496875 0.66086065625 0.45408805 0.653688525 0.46163522031250004 0.65163934375 0.47169811250000004 0.6618852453125 0.5333333328125 0.6547131140625 0.559748428125 0.6547131140625 0.6352201265625 0.6413934421875 0.685534590625 0.6690573765625001 0.77358490625 0.6700819671875 0.78993710625 0.6639344265625 0.813836478125 0.667008196875 0.8301886796875 0.672131146875 0.8402515718749999 0.679303278125 0.841509434375
3 0.125 0.82641509375 0.13729508125 0.8176100625 0.138319671875 0.8050314468750001 0.131147540625 0.7836477984375 0.1352459015625 0.7333333328125 0.1290983609375 0.672955975 0.133196721875 0.6578616359375 0.1280737703125 0.65408805 0.1270491796875 0.6364779875 0.1301229515625 0.632704403125 0.1198770484375 0.6201257859375 0.1198770484375 0.60880503125 0.13729508125 0.5761006296875 0.11372950781249999 0.558490565625 0.09836065625 0.530817609375 0.0922131140625 0.49937106875000004 0.07684426250000001 0.4968553453125 0.0645491796875 0.5119496859375 0.061475409375 0.5207547171875 0.063524590625 0.5509433968749999 0.05020491875000001 0.5924528296875 0.05020491875000001 0.640251571875 0.0625 0.6930817609375 0.0717213109375 0.71823899375 0.0860655734375 0.7245283015624999 0.0922131140625 0.7836477984375 0.10553278749999999 0.8339622640625001 0.11372950781249999 0.8503144656250001 0.123975409375 0.8515723265625 0.1290983609375 0.84528301875 0.125 0.82641509375
3 0.1834016390625 0.7937106921875 0.1967213109375 0.7987421390625 0.200819671875 0.7886792453125 0.195696721875 0.5245283015625 0.1834016390625 0.476729559375 0.1731557375 0.469182390625 0.1680327875 0.4578616359375 0.1700819671875 0.43773584843749996 0.16188524531249998 0.418867925 0.152663934375 0.4163522015625 0.1413934421875 0.42641509375000003 0.1393442625 0.450314465625 0.1434426234375 0.46289308125 0.1270491796875 0.49308176093749995 0.126024590625 0.5484276734375 0.1301229515625 0.5635220125 0.1352459015625 0.567295596875 0.15061475468750002 0.7207547171875001 0.1413934421875 0.768553459375 0.14856557343750001 0.777358490625 0.15676229531250002 0.759748428125 0.17520491875 0.767295596875 0.1762295078125 0.7798742140625 0.1834016390625 0.7937106921875
3 0.08401639375 0.9283018875 0.08401639375 0.9207547171874999 0.0676229515625 0.8893081765625 0.068647540625 0.9295597484375 0.07069672187500001 0.9345911953125 0.077868853125 0.9345911953125 0.08401639375 0.9283018875
3 0.0245901640625 0.5899371062500001 0.008196721875 0.549685534375 0.0061475406250000005 0.5710691828125001 0.00717213125 0.6918238999999999 0.0143442625 0.7060792453125 0.016393442187500003 0.7257861640625001 0.049180328125 0.7660377359375 0.0573770484375 0.79119496875 0.0604508203125 0.7786163515625 0.0594262296875 0.6893081765625 0.048155737500000004 0.62641509375 0.042008196875 0.6075471703125 0.0245901640625 0.5899371062500001
3 0.25717213125 0.6654088046875 0.2602459015625 0.6 0.25717213125 0.5924528296875 0.256147540625 0.51823899375 0.2694672125 0.4981132078125 0.27151639375 0.4842767296875 0.2827868859375 0.476729559375 0.283811475 0.47044025156249997 0.270491803125 0.45408805 0.2530737703125 0.46163522031250004 0.243852459375 0.449056603125 0.24077868906250002 0.42767295625 0.25102459062500004 0.394968553125 0.23770491875 0.37232704375000003 0.229508196875 0.3748427671875 0.22336065624999998 0.386163521875 0.22336065624999998 0.41132075468749996 0.2110655734375 0.441509434375 0.21516393437499998 0.5245283015625 0.22745901562499998 0.559748428125 0.23258196718750002 0.594968553125 0.22233606562500002 0.695597484375 0.22336065624999998 0.69937106875 0.23463114687500003 0.70062893125 0.23770491875 0.7094339625 0.24487704843749997 0.7094339625 0.26536885312499997 0.6968553453124999 0.25717213125 0.6654088046875
3 0.0676229515625 0.85408805 0.048155737500000004 0.7698113203125 0.0512295078125 0.7610062890625 0.0174180328125 0.727044025 0.013319671875 0.713836478125 0.013319671875 0.6880503140625 0.009221310937500001 0.68176100625 0.0051229515625 0.7849056609375 0.0061475406250000005 0.9748427671875 0.0102459015625 0.9987421390625 0.0256147546875 0.9987421390625 0.0307377046875 0.9798742140625001 0.036885245312499995 0.9773584906250001 0.0317622953125 0.9446540875 0.049180328125 0.9283018875 0.053278689062499995 0.9345911953125 0.063524590625 0.9283018875 0.0676229515625 0.85408805
3 0.1434426234375 0.2 0.13729508125 0.205031446875 0.1290983609375 0.24528301875 0.1270491796875 0.29182389999999997 0.118852459375 0.3257861640625 0.145491803125 0.37358490624999996 0.15881147499999998 0.3761006296875 0.17520491875 0.35974842812499996 0.1690573765625 0.3194968546875 0.1772540984375 0.29937106875 0.1547131140625 0.24402515781249998 0.15163934375000002 0.2025157234375 0.1434426234375 0.2
0 0.1564815578125 0.5414427671875 0.15669877031249999 0.5630276734375 0.1669979515625 0.561509434375 0.1740020484375 0.552402515625 0.171117828125 0.545826415625 0.1564815578125 0.5414427671875
2 0.2765625 0.4609375 0.284375 0.46875 0.284375 0.4765625 0.278125 0.4828125 0.26875 0.48125 0.26875 0.4703125 0.275 0.4625
2 0.65 0.6796875 0.6578125 0.68125 0.6578125 0.6984375 0.659375 0.7 0.6515625 0.709375 0.646875 0.7078125 0.64375 0.7015625 0.64375 0.684375 0.65 0.68125
2 0.15625 0.528125 0.159375 0.5296875 0.15625 0.5453125 0.1484375 0.5484375 0.14375 0.5453125 0.14375 0.534375 0.1484375 0.5296875 0.1546875 0.528125
2 0.6484375 0.6671875 0.6578125 0.678125 0.6578125 0.7015625 0.6546875 0.70625 0.6515625 0.709375 0.646875 0.709375 0.64375 0.703125 0.64375 0.690625 0.640625 0.6875 0.640625 0.68125 0.646875 0.66875
2 0.1328125 0.56875 0.1375 0.5734375 0.1390625 0.58125 0.13125 0.5890625 0.1234375 0.5890625 0.1171875 0.5765625 0.1203125 0.56875 0.13125 0.56875
2 0.075 0.690625 0.08125 0.7109375 0.08125 0.7171875 0.078125 0.7234375 0.071875 0.721875 0.0671875 0.7078125 0.0671875 0.6921875 0.0734375 0.690625
2 0.7984375 0.775 0.803125 0.775 0.80625 0.78125 0.80625 0.803125 0.803125 0.8109375 0.7984375 0.8125 0.7953125 0.8078125 0.7984375 0.7765625
2 0.12109375 0.325 0.0125 0.01640625
2 0.0515625 0.7375 0.0546875 0.7359375 0.0609375 0.7375 0.0609375 0.778125 0.0578125 0.7765625 0.0578125 0.76875 0.0515625 0.7578125 0.0515625 0.7390625
2 0.275 0.453125 0.278125 0.4609375 0.2703125 0.4671875 0.265625 0.465625 0.2625 0.459375 0.265625 0.4546875 0.2734375 0.453125
2 0.178125 0.5265625 0.184375 0.5296875 0.1859375 0.5375 0.184375 0.540625 0.1765625 0.5421875 0.16875 0.540625 0.1609375 0.5359375 0.1609375 0.5296875 0.1640625 0.5265625 0.1671875 0.525 0.1765625 0.5265625
1 0.11875 0.6234375 0.121875 0.6234375 0.128125 0.6328125 0.134375 0.6328125 0.1453125 0.653125 0.1453125 0.665625 0.140625 0.675 0.1390625 0.6765625 0.1296875 0.675 0.125 0.659375 0.125 0.6453125 0.11875 0.625
1 0.084375 0.571875 0.0890625 0.575 0.0890625 0.578125 0.103125 0.59375 0.103125 0.5984375 0.10625 0.6 0.1125 0.6125 0.1234375 0.6234375 0.1265625 0.6296875 0.1296875 0.6328125 0.134375 0.6328125 0.1453125 0.653125 0.1453125 0.665625 0.1390625 0.6765625 0.13125 0.6765625 0.128125 0.6734375 0.1234375 0.6390625 0.1203125 0.6375 0.1203125 0.6328125 0.1171875 0.63125 0.1015625 0.5984375 0.090625 0.5859375 0.084375 0.5734375