3 0.8423295453125 0.7829861109375 0.8352272734374999 0.7447916671875 0.8238636359375 0.7447916671875 0.8167613640625 0.753472221875 0.8153409093749999 0.7725694437499999 0.80255681875 0.800347221875 0.7926136359375 0.8038194437499999 0.7840909093749999 0.8211805562500001 0.7826704546875 0.855902778125 0.7698863640625 0.9045138890625 0.7698863640625 0.949652778125 0.7556818187500001 0.996527778125 0.8210227265625001 0.9982638890625 0.8423295453125 0.7829861109375
3 0.6747159093749999 0.9826388890625 0.7159090906250001 0.980902778125 0.7230113640625 0.987847221875 0.7386363640625 0.984375 0.7485795453125 0.972222221875 0.7471590906250001 0.9635416671874999 0.7301136359375 0.9548611109375 0.7443181812499999 0.859375 0.7627840906250001 0.840277778125 0.7784090906250001 0.862847221875 0.7698863640625 0.8263888890625 0.7741477265625 0.7326388890625 0.8053977265625001 0.690972221875 0.7997159093749999 0.65625 0.78125 0.6510416671875 0.7727272734375 0.6631944437499999 0.7698863640625 0.6857638890625 0.7613636359375 0.684027778125 0.75 0.6979166671875 0.7116477265625 0.8020833328125001 0.7088068187500001 0.828125 0.6903409093749999 0.8854166671874999 0.65625 0.9670138890625 0.6747159093749999 0.9826388890625
3 0.5284090906250001 0.7708333328125 0.5383522734375 0.7864583328125 0.5426136359375 0.7829861109375 0.5539772734375 0.597222221875 0.5667613640625 0.5850694437499999 0.5625 0.5364583328125 0.5397727265625 0.47222222187499996 0.5284090906250001 0.4791666671875 0.5042613640625 0.5729166671875 0.49573863593749995 0.6493055562500001 0.515625 0.6701388890625 0.5241477265625 0.6901041671875 0.5284090906250001 0.7708333328125
3 0.484375 0.5833333328125 0.49431818125 0.5920138890625 0.5056818187500001 0.4045138890625 0.5042613640625 0.3385416671875 0.497159090625 0.3263888890625 0.487215909375 0.3263888890625 0.48579545468749996 0.3489583328125 0.47443181875 0.37847222187499996 0.47301136406250005 0.4357638890625 0.481534090625 0.4479166671875 0.48579545468749996 0.5202552078125 0.484375 0.5833333328125
3 0.440340909375 0.47569444375 0.45454545468749996 0.46527777812500004 0.45170454531250004 0.44444444375 0.46306818125 0.43402777812500004 0.46306818125 0.421875 0.44886363593749995 0.3854166671875 0.44318181875 0.34375 0.434659090625 0.34375 0.42897727343750003 0.359375 0.42329545468749996 0.3888888890625 0.424715909375 0.4322916671875 0.43181818125 0.4704861109375 0.440340909375 0.47569444375
3 0.46732954531250004 0.10069444375 0.45880681875 0.12847222187500001 0.46306818125 0.17881944375 0.47017045468749996 0.18402777812499999 0.47727272656249997 0.1232638890625 0.46732954531250004 0.10069444375
3 0.49147727343750003 0.1041666671875 0.48295454531250004 0.08854166718749999 0.48011363593749995 0.09201388906249999 0.47443181875 0.1041666671875 0.47585227343750003 0.11805555625 0.49147727343750003 0.125 0.49147727343750003 0.1041666671875
1 0.5553977265625 0.597222221875 0.5525568187500001 0.625 0.5511363640625 0.6927083328125 0.5724431812499999 0.6614583328125 0.5696022734375 0.5885416671875 0.5553977265625 0.597222221875
2 0.4557272734375 0.4663333328125 0.45814062499999997 0.4619079859375 0.4569332390625 0.45674652812499994 0.45271022656250004 0.45232118125 0.44607386406250005 0.44937152812500003 0.44101988593749997 0.455722221875 0.44547159062499997 0.4663333328125 0.4496946015625 0.4663333328125 0.4557272734375 0.4663333328125
2 0.5631136359375 0.579171875 0.557080965625 0.57032118125 0.55527130625 0.56663368125 0.5498409093750001 0.5695833328125001 0.5495852265625001 0.57249131875 0.5510482953125 0.582121528125 0.5528579546875 0.5887586812500001 0.557080965625 0.5872829859375 0.5631136359375 0.579171875
2 0.49916477343750004 0.65882118125 0.499768465625 0.6558715281249999 0.50097443125 0.6499704859375 0.50097443125 0.644809028125 0.50036931875 0.638543403125 0.49554403437500005 0.6418576390624999 0.49433806875 0.6558715281249999 0.4973551140625 0.6602951390625 0.49916477343750004 0.65882118125