3 0.9644886359375 0.7916666671875 0.953125 0.7638888890625 0.9403409093749999 0.7708333328125 0.93181818125 0.8038194437499999 0.9176136359375 0.8038194437499999 0.8991477265625001 0.824652778125 0.90056818125 0.847222221875 0.8664772734374999 0.9774305562500001 0.8664772734374999 0.9982638890625 0.91193181875 0.9947916671874999 0.9602272734374999 0.8385416671874999 0.9644886359375 0.7916666671875
3 0.5213068187500001 0.9131944437499999 0.5369318187500001 0.9270833328125001 0.5284090906250001 0.9791666671874999 0.5539772734375 0.921875 0.5653409093749999 0.9131944437499999 0.5710227265625 0.9166666671874999 0.5809659093749999 0.8454861109375 0.5809659093749999 0.7604166671875 0.5738636359375 0.734375 0.5582386359375 0.7135416671875 0.5539772734375 0.6770833328125 0.5454545453125 0.6631944437499999 0.5369318187500001 0.6614583328125 0.5269886359375 0.6736111109375 0.5241477265625 0.6944444437499999 0.5071022734375 0.7326388890625 0.497159090625 0.7829861109375 0.497159090625 0.8697916671874999 0.5198863640625 0.8975694437499999 0.5255681812499999 0.9079861109375 0.5213068187500001 0.9131944437499999
3 0.5198863640625 0.7100694437499999 0.5241477265625 0.7083333328125 0.5482954546875 0.574652778125 0.5511363640625 0.44097222187499996 0.5397727265625 0.42534722187499996 0.5298295453125 0.43055555625 0.5142045453125 0.5069444437499999 0.5142045453125 0.5538194437499999 0.5227272734375 0.6145833328125 0.5127840906250001 0.6961805562500001 0.5198863640625 0.7100694437499999
3 0.46875 0.46527777812500004 0.45880681875 0.4739583328125 0.45880681875 0.49131944375 0.47017045468749996 0.49131944375 0.47443181875 0.46875 0.46875 0.46527777812500004
3 0.46732954531250004 0.34722222187499996 0.455965909375 0.35590277812500004 0.44602272656249997 0.39756944375000003 0.44886363593749995 0.4791666671875 0.481534090625 0.44965277812500004 0.48295454531250004 0.40277777812500004 0.46732954531250004 0.34722222187499996
3 0.47017045468749996 0.16493055625 0.45880681875 0.121527778125 0.44886363593749995 0.13888888906250002 0.450284090625 0.23611111093749998 0.46022727343750003 0.246527778125 0.46022727343750003 0.21354166718749998 0.47017045468749996 0.16493055625
3 0.1491477265625 0.9982638890625 0.14630681875 0.965277778125 0.15340909062500002 0.9427083328125001 0.17471590937499998 0.9583333328125001 0.1832386359375 0.953125 0.1946022734375 0.9635416671874999 0.2017045453125 0.9583333328125001 0.200284090625 0.949652778125 0.15056818125 0.90625 0.140625 0.8680555562500001 0.12215909062500001 0.8645833328125001 0.11505681875 0.8802083328125001 0.1164772734375 0.9114583328125001 0.1079545453125 0.949652778125 0.10653409062500001 0.9982638890625 0.1491477265625 0.9982638890625
3 0.5184659093749999 0.8975694437499999 0.5 0.8836805562500001 0.48011363593749995 0.8975694437499999 0.47869318125 0.9201388890625 0.46022727343750003 0.9756944437499999 0.45738636406250005 0.9982638890625 0.5056818187500001 0.996527778125 0.5241477265625 0.9357638890625 0.5184659093749999 0.8975694437499999
1 0.5738636359375 0.9288194437499999 0.5639204546875 0.90625 0.5298295453125 0.9826388890625 0.5284090906250001 0.9982638890625 0.5625 0.9982638890625 0.5738636359375 0.96875 0.5738636359375 0.9288194437499999
2 0.47709517031250004 0.42481423593749995 0.47709517031250004 0.422921875 0.4740014203125 0.4204010421875 0.46832812500000004 0.41787847187500005 0.46607670468749995 0.42332986093749997 0.46781249999999996 0.42985763906249996 0.46935937499999997 0.432378471875 0.4755482953125 0.42922743125 0.47709517031250004 0.42481423593749995
2 0.5658977265625 0.9154184031250001 0.5663480109375 0.9198263890625 0.5681519890625 0.9231336812500001 0.57040625 0.9231336812500001 0.57220880625 0.9231336812500001 0.574012784375 0.9231336812500001 0.5749133515625 0.9203784718750001 0.5749133515625 0.917621528125 0.57446306875 0.90660069375 0.5735610796875 0.8988854171874999 0.5695042609375001 0.8988854171874999 0.5645454546875001 0.8977829859374999 0.5622911937499999 0.9032934031250001 0.55779119375 0.9138767359375001 0.5622911937499999 0.91486631875 0.5654460234375 0.91486631875 0.5658977265625 0.9154184031250001