3 0.8579545453125 0.815972221875 0.84375 0.824652778125 0.8309659093749999 0.8229166671874999 0.8153409093749999 0.8454861109375 0.80681818125 0.8819444437499999 0.8096590906250001 0.9149305562500001 0.7897727265625 0.9982638890625 0.8366477265625001 0.9982638890625 0.8778409093749999 0.8819444437499999 0.8678977265625001 0.847222221875 0.8707386359375 0.824652778125 0.88494318125 0.7899305562500001 0.8764204546875 0.7673611109375 0.8636363640625 0.7795138890625 0.8579545453125 0.815972221875
3 0.2926136359375 0.859375 0.2855113640625 0.8836805562500001 0.29971590937500003 0.9982638890625 0.36505681874999996 0.9982638890625 0.3394886359375 0.9131944437499999 0.34090909062499997 0.8732638890625 0.33096590937500003 0.84375 0.32244318125000004 0.831597221875 0.31107954531250004 0.828125 0.29971590937500003 0.8368055562500001 0.2926136359375 0.859375
3 0.5994318187500001 0.9982638890625 0.6150568187500001 0.9288194437499999 0.6164772734375 0.8888888890625 0.6122159093749999 0.878472221875 0.5951704546875 0.8680555562500001 0.5823863640625 0.871527778125 0.5213068187500001 0.9861111109375 0.5184659093749999 0.9982638890625 0.5994318187500001 0.9982638890625
3 0.9403409093749999 0.8819444437499999 0.9190340906250001 0.8854166671874999 0.9034090906250001 0.9079861109375 0.88494318125 0.956597221875 0.89630681875 0.9739583328125001 0.8892045453125 0.9982638890625 0.9488636359375 0.9982638890625 0.9616477265625001 0.9479166671874999 0.9559659093749999 0.9166666671874999 0.9616477265625001 0.8836805562500001 0.95880681875 0.8680555562500001 0.9517045453125 0.8645833328125001 0.9403409093749999 0.8819444437499999
3 0.95880681875 0.7291666671875 0.9488636359375 0.7274305562500001 0.9332386359375 0.7604166671875 0.9247159093749999 0.765625 0.89630681875 0.8333333328125001 0.8920454546875 0.875 0.8565340906250001 0.9513888890625 0.859375 0.9635416671874999 0.8792613640625 0.9635416671874999 0.8721590906250001 0.9479166671874999 0.875 0.9392361109375 0.9289772734374999 0.8697916671874999 0.9659090906250001 0.75 0.9659090906250001 0.737847221875 0.95880681875 0.7291666671875
3 0.9488636359375 0.715277778125 0.96875 0.75 0.9559659093749999 0.784722221875 0.95880681875 0.7951388890625 0.9701704546875 0.7725694437499999 0.984375 0.7048611109375 0.9886363640625 0.6388888890625 0.984375 0.6111111109375 0.9502840906250001 0.671875 0.9488636359375 0.715277778125
3 0.5539772734375 0.49131944375 0.5539772734375 0.46875 0.5426136359375 0.3854166671875 0.5284090906250001 0.3854166671875 0.5269886359375 0.4201388890625 0.5113636359375 0.43055555625 0.49573863593749995 0.45659722187499996 0.49857954531250004 0.512152778125 0.5142045453125 0.5625 0.5127840906250001 0.6701388890625 0.5184659093749999 0.6736111109375 0.5340909093749999 0.637152778125 0.5497159093749999 0.6302083328125 0.5511363640625 0.6232638890625 0.5440340906250001 0.5868055562500001 0.546875 0.5 0.5539772734375 0.49131944375
3 0.48011363593749995 0.44965277812500004 0.48579545468749996 0.4322916671875 0.484375 0.40972222187499996 0.46732954531250004 0.3489583328125 0.45880681875 0.35243055624999997 0.455965909375 0.3802083328125 0.44602272656249997 0.3958333328125 0.44886363593749995 0.45659722187499996 0.48011363593749995 0.44965277812500004
3 0.5127840906250001 0.16493055625 0.5071022734375 0.1666666671875 0.49857954531250004 0.1875 0.5014204546875 0.28819444375000003 0.5184659093749999 0.3142361109375 0.5227272734375 0.1875 0.5127840906250001 0.16493055625
3 0.49289772656249997 0.237847221875 0.49289772656249997 0.19965277812499999 0.48295454531250004 0.16840277812499999 0.47443181875 0.17361111093749998 0.46732954531250004 0.19444444375 0.465909090625 0.237847221875 0.481534090625 0.230902778125 0.49289772656249997 0.237847221875
3 0.48579545468749996 0.13368055625 0.48011363593749995 0.1354166671875 0.47301136406250005 0.1614583328125 0.47301136406250005 0.1822916671875 0.487215909375 0.1770833328125 0.49005681875 0.1510416671875 0.48579545468749996 0.13368055625
2 0.90056818125 0.9322916671874999 0.890625 0.9427083328125001 0.8735795453125 0.9826388890625 0.8721590906250001 0.9982638890625 0.8792613640625 0.9982638890625 0.9034090906250001 0.9461805562500001 0.90056818125 0.9322916671874999
2 0.4628423296875 0.42341666718750004 0.46233380625000003 0.42528472187500005 0.4661519890625 0.430574653125 0.46920596562499994 0.432440971875 0.47480681875 0.4330642359375 0.4798977265625 0.4321302078125 0.477862215625 0.42808506875 0.47633380625 0.42497222187499994 0.4737883515625 0.4218611109375 0.47047869374999995 0.421550346875 0.4669147734375 0.422171875 0.4628423296875 0.42341666718750004
1 0.455965909375 0.46527777812500004 0.45738636406250005 0.484375 0.47585227343750003 0.4826388890625 0.47727272656249997 0.4635416671875 0.465909090625 0.45659722187499996 0.455965909375 0.46527777812500004