0 0.864080459770115 0.8333380617021275 0.09980147126436778 0.050751774468084966
0 0.7143730402298853 0.8790567382978722 0.2358934137931038 0.13343262553191496
0 0.4948066896551717 0.46225531914893614 0.2032392873563219 0.06077541276595777
0 0.5138662471264369 0.4150307319148936 0.20142111494252915 0.06324349787234043
1 0.2931034482758627 0.07659574468085106 0.12643678160919555 0.11063829787234034
2 0.005747126436781609 0.029787234042553193 0.08045977011494244 0.05106382978723401
2 0.6724137931034483 0.6829787234042556 0.08045977011494204 0.08085106382978717
2 0.5344827586206896 0.46808510638297873 0.12643678160919475 0.03404255319148924
2 0.7816091954022989 0.8787234042553191 0.11494252873563218 0.038297872340425775
2 0.465517241379311 0.4106382978723404 0.12643678160919555 0.04680851063829763
