2 0.5718954248366013 0.5427807486631016 0.565359477124183 0.44385026737967914 0.5294117647058824 0.44385026737967914 0.5310457516339869 0.553475935828877 0.5718954248366013 0.5427807486631016
2 0.3611111111111111 0.30213903743315507 0.35784313725490197 0.37433155080213903 0.41013071895424835 0.37967914438502676 0.4117647058823529 0.23529411764705882 0.35947712418300654 0.24064171122994651 0.34967320261437906 0.24331550802139038 0.3611111111111111 0.30213903743315507
2 0.272875816993464 0.37967914438502676 0.27450980392156865 0.2647058823529412 0.238562091503268 0.2620320855614973 0.24183006535947713 0.3716577540106952 0.272875816993464 0.37967914438502676
2 0.27124183006535946 0.5588235294117647 0.2826797385620915 0.44919786096256686 0.2369281045751634 0.446524064171123 0.22549019607843138 0.5213903743315508 0.22549019607843138 0.5588235294117647 0.27124183006535946 0.5588235294117647
2 0.6601307189542484 0.37433155080213903 0.6830065359477124 0.37433155080213903 0.6911764705882353 0.3582887700534759 0.6797385620915033 0.21122994652406418 0.6568627450980392 0.2192513368983957 0.6552287581699346 0.36363636363636365 0.6601307189542484 0.37433155080213903
2 0.6372549019607843 0.8181818181818182 0.6862745098039216 0.8155080213903744 0.6993464052287581 0.7994652406417112 0.7026143790849673 0.6711229946524064 0.6388888888888888 0.679144385026738 0.6323529411764706 0.6818181818181818 0.6372549019607843 0.8181818181818182
2 0.10620915032679738 0.37967914438502676 0.11274509803921569 0.232620320855615 0.10457516339869281 0.21390374331550802 0.0915032679738562 0.21657754010695188 0.08660130718954248 0.22994652406417113 0.08333333333333333 0.35561497326203206 0.10620915032679738 0.37967914438502676
2 0.09803921568627451 0.17914438502673796 0.10620915032679738 0.0748663101604278 0.05555555555555555 0.06951871657754011 0.05718954248366013 0.17647058823529413 0.09803921568627451 0.17914438502673796
2 0.5702614379084967 0.17379679144385027 0.5702614379084967 0.053475935828877004 0.5588235294117647 0.0106951871657754 0.5359477124183006 0.016042780748663103 0.5343137254901961 0.17379679144385027 0.5702614379084967 0.17379679144385027
2 0.7892156862745098 0.3502673796791444 0.7875816993464052 0.22192513368983957 0.75 0.2192513368983957 0.7401960784313726 0.232620320855615 0.7369281045751634 0.339572192513369 0.7892156862745098 0.3502673796791444
2 0.7794117647058824 0.5748663101604278 0.7941176470588235 0.5588235294117647 0.7892156862745098 0.446524064171123 0.7287581699346405 0.446524064171123 0.7336601307189542 0.5748663101604278 0.7794117647058824 0.5748663101604278
2 0.8300653594771242 0.7245989304812834 0.8006535947712419 0.6684491978609626 0.7810457516339869 0.6684491978609626 0.8120915032679739 0.7245989304812834 0.8300653594771242 0.7245989304812834