0 0.241830065625 0.6936274515624999 0.2728758171875 0.6936274515624999 0.2973856203125 0.67892156875 0.3202614375 0.64460784375 0.32516339843750003 0.578431371875 0.31535947656249996 0.51960784375 0.3071895421875 0.4852941171875 0.2810457515625 0.42892156875 0.26797385625 0.4166666671875 0.2254901953125 0.40931372499999996 0.187908496875 0.436274509375 0.171568628125 0.4681372546875 0.171568628125 0.5588235296875 0.1993464046875 0.651960784375 0.2140522875 0.6764705875 0.241830065625 0.6936274515624999
0 0.27777777812500004 0.419117646875 0.30882352968750004 0.4779411765625 0.37418300625 0.43382352968750004 0.3790849671875 0.3970588234375 0.32516339843750003 0.25 0.364379084375 0.15441176406249998 0.3611111109375 0.1299019609375 0.34150326875000003 0.08823529375 0.3235294125 0.0661764703125 0.292483659375 0.0490196078125 0.26633986875 0.078431371875 0.23039215624999998 0.0661764703125 0.19771241875 0.1102941171875 0.187908496875 0.134803921875 0.187908496875 0.1764705875 0.2124183 0.242647059375 0.23366013125 0.3970588234375 0.27777777812500004 0.419117646875
0 0.11601307187500001 0.382352940625 0.132352940625 0.44362745156249994 0.133986928125 0.4754901953125 0.1454248359375 0.5024509796875 0.1633986921875 0.51960784375 0.171568628125 0.4583333328125 0.20424836562499998 0.4166666671875 0.186274509375 0.34068627500000004 0.186274509375 0.2990196078125 0.1764705875 0.27450980468749997 0.1764705875 0.25245097968749997 0.16176470625 0.223039215625 0.14215686249999998 0.2107843140625 0.1078431375 0.2181372546875 0.081699346875 0.25245097968749997 0.07679738593749999 0.2671568625 0.081699346875 0.3063725484375 0.09640522812499999 0.35049019531250003 0.11601307187500001 0.382352940625
0 0.1813725484375 0.25 0.187908496875 0.21323529375 0.150326796875 0.0588235296875 0.132352940625 0.044117646875 0.1127450984375 0.044117646875 0.08333333281250001 0.061274509374999994 0.0735294125 0.080882353125 0.0735294125 0.1102941171875 0.1045751640625 0.20833333281250002 0.1552287578125 0.21323529375 0.1813725484375 0.25
0 0 0.276960784375 0.0114379078125 0.296568628125 0.027777778125000003 0.3602941171875 0.052287581250000006 0.382352940625 0.08333333281250001 0.3799019609375 0.09640522812499999 0.3700980390625 0.099673203125 0.365196078125 0.0735294125 0.2892156859375 0.080065359375 0.2475490203125 0.09477124218750001 0.2254901953125 0.09150326875 0.203431371875 0.0735294125 0.1666666671875 0.052287581250000006 0.151960784375 0.032679739062500004 0.151960784375 0.008169934375 0.1666666671875 0 0.1764705875 0 0.276960784375
0 0.09640522812499999 0.6372549015625 0.11928104531249999 0.6299019609375 0.15849673125 0.5833333328125 0.1650326796875 0.5563725484375001 0.16176470625 0.5392156859375 0.08496732031250001 0.39460784375 0.071895425 0.38725490156250003 0.042483659374999996 0.3921568625 0.0245098046875 0.4068627453125 0.0049019609375 0.44362745156249994 0.0049019609375 0.46323529375000005 0.01960784375 0.5073529406249999 0.0735294125 0.6299019609375 0.09640522812499999 0.6372549015625
0 0 0.776960784375 0.0408496734375 0.9485294124999999 0.0588235296875 0.9852941171875 0.0702614375 0.9975490203125 0.19771241875 0.9926470593750001 0.1797385625 0.9338235296875 0.1568627453125 0.813725490625 0.1094771234375 0.659313725 0.09640522812499999 0.6421568625 0.078431371875 0.6397058828125 0.0114379078125 0.6813725484375001 0 0.6985294125 0 0.776960784375
0 0.3594771234375 0.8921568625 0.32516339843750003 0.828431371875 0.30882352968750004 0.76960784375 0.2728758171875 0.7671568625 0.1764705875 0.85539215625 0.171568628125 0.875 0.20751634062500002 0.9975490203125 0.385620915625 0.9950980390625 0.3594771234375 0.8921568625
0 0.3235294125 0.8063725484375001 0.421568628125 0.9950980390625 0.5473856203125 0.9950980390625 0.39379084999999997 0.705882353125 0.37581699375 0.7083333328125 0.37581699375 0.7205882359375 0.36274509843749997 0.723039215625 0.3594771234375 0.7475490203125 0.348039215625 0.75 0.321895425 0.78676470625 0.3235294125 0.8063725484375001
0 0.7140522875 0.98039215625 0.707516340625 0.9338235296875 0.7107843140625 0.8921568625 0.722222221875 0.85539215625 0.7091503265625 0.8357843140625001 0.6797385625000001 0.8186274515624999 0.6405228765625 0.8210784312499999 0.6176470593750001 0.83823529375 0.5931372546875 0.8897058828125 0.5931372546875 0.9485294124999999 0.6078431375 0.9950980390625 0.722222221875 0.9950980390625 0.7140522875 0.98039215625
0 0.918300653125 0.8848039218749999 0.9983660125 0.8259803921875 0.9918300656250001 0.7205882359375 0.965686275 0.686274509375 0.9526143796875 0.686274509375 0.8839869281249999 0.7254901953124999 0.8529411765624999 0.7475490203125 0.846405228125 0.7622549015625 0.8545751640624999 0.8333333328125001 0.8676470593750001 0.8676470593750001 0.8888888890625 0.8921568625 0.918300653125 0.8848039218749999
0 0.972222221875 0.6838235296875 0.9983660125 0.6397058828125 0.9983660125 0.5759803921875 0.973856209375 0.544117646875 0.9624183000000001 0.544117646875 0.9460784312499999 0.5735294125 0.901960784375 0.615196078125 0.8970588234375001 0.6299019609375 0.9133986921874999 0.669117646875 0.9346405234375 0.686274509375 0.972222221875 0.6838235296875
0 0.8643790843750001 0.9901960781250001 0.8676470593750001 0.938725490625 0.8578431375 0.8921568625 0.831699346875 0.8431372546875 0.8055555562500001 0.8186274515624999 0.7892156859375 0.811274509375 0.7516339875 0.8186274515624999 0.73366013125 0.840686275 0.715686275 0.8897058828125 0.7124183000000001 0.936274509375 0.73039215625 0.9926470593750001 0.8611111109375 0.9975490203125 0.8643790843750001 0.9901960781250001
0 0.795751634375 0.26960784375 0.7973856203125 0.242647059375 0.7794117640625 0.20098039218750002 0.7549019609375 0.17892156875 0.7385620921875 0.1764705875 0.669934640625 0.2794117640625 0.6503267968750001 0.313725490625 0.671568628125 0.3357843140625 0.686274509375 0.41176470624999995 0.795751634375 0.26960784375
0 0.6307189546874999 0.4852941171875 0.614379084375 0.455882353125 0.596405228125 0.44362745156249994 0.5392156859375 0.43382352968750004 0.5130718953125 0.44362745156249994 0.49509803906250005 0.46323529375000005 0.48366013125 0.4828431375 0.616013071875 0.55392156875 0.62581699375 0.5392156859375 0.6307189546874999 0.4852941171875
0 0.562091503125 0.23284313750000002 0.58823529375 0.23284313750000002 0.58823529375 0.2107843140625 0.6013071890624999 0.19607843125 0.5996732031249999 0.16176470625 0.58823529375 0.12254902031249999 0.5669934640625 0.09068627500000001 0.5669934640625 0.0294117640625 0.5588235296875 0.014705882812500001 0.542483659375 0.009803921875 0.5245098046875001 0.0220588234375 0.5212418296875 0.080882353125 0.491830065625 0.14215686249999998 0.48202614375 0.20588235312499997 0.48202614375 0.296568628125 0.5 0.3186274515625 0.508169934375 0.3186274515625 0.562091503125 0.23284313750000002
0 0.542483659375 0.421568628125 0.5392156859375 0.382352940625 0.5065359484374999 0.3431372546875 0.508169934375 0.3259803921875 0.4607843140625 0.330882353125 0.44444444375 0.3455882359375 0.44607843125 0.4607843140625 0.48039215625000004 0.48039215625000004 0.5049019609375 0.44607843125 0.542483659375 0.421568628125
0 0.633986928125 0.49509803906250005 0.6290849671875 0.5392156859375 0.668300653125 0.526960784375 0.671568628125 0.438725490625 0.6797385625000001 0.39460784375 0.669934640625 0.34068627500000004 0.66176470625 0.328431371875 0.616013071875 0.313725490625 0.5833333328125 0.37745097968749997 0.562091503125 0.3970588234375 0.5669934640625 0.43137254843750006 0.6013071890624999 0.44362745156249994 0.6290849671875 0.4754901953125 0.633986928125 0.49509803906250005
0 0.723856209375 0.5563725484375001 0.7352941171875 0.5857843140625 0.73366013125 0.6127450984375 0.8022875812500001 0.6544117640625 0.8333333328125001 0.6568627453125 0.8660130718750001 0.5588235296875 0.8725490203125 0.49754902031250003 0.848039215625 0.5 0.8251633984375 0.4754901953125 0.7549019609375 0.42892156875 0.741830065625 0.42892156875 0.7009803921875 0.4681372546875 0.69771241875 0.48039215625000004 0.707516340625 0.49754902031250003 0.6993464046875 0.5318627453125 0.723856209375 0.5563725484375001