0 0.41339869218749997 0.2379679140625 0.3513071890625 0.2406417109375 0.3611111109375 0.28877005312500004 0.3578431375 0.377005346875 0.41176470624999995 0.377005346875 0.41339869218749997 0.2379679140625
0 0.5686274515624999 0.6951871656249999 0.5735294125 0.6657754015624999 0.5130718953125 0.6550802140624999 0.5130718953125 0.794117646875 0.5408496734375 0.81818181875 0.5735294125 0.81818181875 0.5686274515624999 0.6951871656249999
0 0.62418300625 0.211229946875 0.6192810453125001 0.2326203203125 0.6176470593750001 0.3716577546875 0.651960784375 0.377005346875 0.651960784375 0.21390374374999999 0.62418300625 0.211229946875
0 0.3202614375 0.0481283421875 0.27777777812500004 0.0427807484375 0.26797385625 0.061497326562499996 0.26797385625 0.1524064171875 0.2990196078125 0.16310160468749998 0.31535947656249996 0.1550802140625 0.3202614375 0.0481283421875
0 0.6911764703125 0.7299465234375 0.7009803921875 0.6737967921875 0.6421568625 0.679144384375 0.6372549015625 0.6818181812499999 0.6388888890625 0.799465240625 0.69771241875 0.799465240625 0.6911764703125 0.7299465234375
0 0.7287581703125 0.4465240640625 0.73366013125 0.5748663109375001 0.795751634375 0.5721925140625 0.7892156859375 0.4465240640625 0.7287581703125 0.4465240640625
0 0.1813725484375 0.4518716578125 0.16993464062500002 0.5 0.1666666671875 0.5614973265625001 0.215686275 0.5588235296875 0.2189542484375 0.4598930484375 0.1813725484375 0.4518716578125
0 0.3905228765625 0.486631015625 0.3970588234375 0.44919786093749997 0.3578431375 0.4438502671875 0.3447712421875 0.508021390625 0.3431372546875 0.5561497328125 0.36274509843749997 0.5641711234375 0.3921568625 0.5588235296875 0.3905228765625 0.486631015625
0 0.48039215625000004 0.5588235296875 0.4787581703125 0.4518716578125 0.44607843125 0.4465240640625 0.436274509375 0.4598930484375 0.436274509375 0.5588235296875 0.44117647031249996 0.5775401062500001 0.4754901953125 0.580213903125 0.48039215625000004 0.5588235296875
0 0.51960784375 0.4465240640625 0.4852941171875 0.4518716578125 0.4852941171875 0.5775401062500001 0.5228758171875 0.5828877 0.5245098046875001 0.4572192515625 0.51960784375 0.4465240640625
0 0.5528317 0.5454545453125 0.5702614374999999 0.5454545453125 0.571895425 0.48395721875 0.5653594765625 0.44117647031249996 0.5294117640625 0.44117647031249996 0.527777778125 0.5427807484375 0.5310457515625 0.580213903125 0.5392156859375 0.5828877 0.5528317 0.5454545453125