3 0.5880681812499999 0.8263888890625 0.5909090906250001 0.8454861109375 0.6022727265625 0.8541666671874999 0.6065340906250001 0.8489583328125001 0.6122159093749999 0.6822916671875 0.6221590906250001 0.6736111109375 0.6221590906250001 0.6423611109375 0.6150568187500001 0.5989583328125 0.5980113640625 0.5520833328125 0.5880681812499999 0.5572916671875 0.5568181812499999 0.6336805562500001 0.5596590906250001 0.7916666671875 0.5738636359375 0.7986111109375 0.5738636359375 0.8229166671874999 0.5880681812499999 0.8263888890625
3 0.49005681875 0.7630208328125 0.49573863593749995 0.8454861109375 0.5099431812499999 0.8489583328125001 0.5170454546875 0.871527778125 0.5227272734375 0.8732638890625 0.5326704546875 0.8298611109375 0.5355113640625 0.7795138890625 0.5568181812499999 0.753472221875 0.5497159093749999 0.6736111109375 0.5255681812499999 0.590277778125 0.5142045453125 0.590277778125 0.5085227265625 0.6145833328125 0.48011363593749995 0.6614583328125 0.47443181875 0.6875 0.48295454531250004 0.715277778125 0.48011363593749995 0.737847221875 0.49005681875 0.7630208328125
3 0.2017045453125 0.6736111109375 0.21306818125000002 0.6649305562500001 0.203125 0.625 0.21875 0.6145833328125 0.21306818125000002 0.5642361109375 0.200284090625 0.5538194437499999 0.18465909062500002 0.484375 0.1605113640625 0.4513888890625 0.15340909062500002 0.4479166671875 0.1477272734375 0.4548611109375 0.14630681875 0.47222222187499996 0.1647727265625 0.5711805562500001 0.1875 0.6475694437499999 0.2017045453125 0.6736111109375
3 0.1448863640625 0.7864583328125 0.15767045468750002 0.8194444437499999 0.1676136359375 0.8211805562500001 0.18465909062500002 0.8506944437499999 0.203125 0.8524305562500001 0.20880681874999998 0.8385416671874999 0.20880681874999998 0.7256944437499999 0.203125 0.6892361109375 0.1832386359375 0.6388888890625 0.16903409062500002 0.6319444437499999 0.15767045468750002 0.5954861109375 0.15056818125 0.597222221875 0.140625 0.6163194437499999 0.14204545468750002 0.6545138890625 0.1335227265625 0.675347221875 0.1321022734375 0.7083333328125 0.1448863640625 0.7864583328125
3 0.11505681875 0.8489583328125001 0.14346590937499998 0.90625 0.1448863640625 0.9288194437499999 0.1789772734375 0.980902778125 0.15625 0.878472221875 0.15056818125 0.840277778125 0.15340909062500002 0.8194444437499999 0.13920454531249998 0.7743055562500001 0.13068181875 0.7100694437499999 0.1079545453125 0.6857638890625 0.1022727265625 0.652777778125 0.090909090625 0.6493055562500001 0.0866477265625 0.6579861109375 0.09232954531250001 0.6961805562500001 0.08380681875 0.7361111109375 0.09375 0.7864583328125 0.11505681875 0.8489583328125001
3 0.45170454531250004 0.9982638890625 0.440340909375 0.934027778125 0.421875 0.9045138890625 0.40767045468749996 0.8993055562500001 0.390625 0.8819444437499999 0.3792613640625 0.8854166671874999 0.3707386359375 0.9045138890625 0.3707386359375 0.9375 0.38778409062499997 0.9704861109375 0.38352272656249997 0.9982638890625 0.45170454531250004 0.9982638890625
3 0.6676136359375 0.9236111109375 0.6647727265625 0.8923611109375 0.6505681812499999 0.84375 0.6335227265625 0.847222221875 0.6264204546875 0.878472221875 0.6008522734375 0.909722221875 0.5795454546875 0.972222221875 0.578125 0.9982638890625 0.6576704546875 0.9982638890625 0.6676136359375 0.9548611109375 0.6676136359375 0.9236111109375
3 0.78125 0.902777778125 0.7798295453125 0.8645833328125001 0.7741477265625 0.8541666671874999 0.7599431812499999 0.8541666671874999 0.7428977265625 0.887152778125 0.71875 0.9114583328125001 0.6988636359375 0.9427083328125001 0.6860795453125 0.9826388890625 0.6860795453125 0.9982638890625 0.7883522734375 0.9982638890625 0.7911931812499999 0.9444444437499999 0.78125 0.902777778125
3 0.46022727343750003 0.5104166671875 0.46448863593749995 0.5052083328125 0.465909090625 0.44444444375 0.48863636406250005 0.39930555624999997 0.48011363593749995 0.3333333328125 0.47017045468749996 0.3229166671875 0.46164772656249997 0.2951388890625 0.45454545468749996 0.30381944375000003 0.455965909375 0.32118055624999997 0.44460227343750003 0.3333333328125 0.434659090625 0.38368055624999997 0.43323863593749995 0.40972222187499996 0.453125 0.4427083328125 0.455965909375 0.5069444437499999 0.46022727343750003 0.5104166671875
2 0.19803125 0.7683107640625 0.20090767031249998 0.77124131875 0.20522443125 0.7706545140625 0.20857954531249998 0.7618645828124999 0.210018465625 0.7530729171874999 0.20857954531249998 0.7442829859375 0.20570312500000001 0.74369618125 0.20186789843750003 0.74369618125 0.1985113640625 0.7483854171875 0.1975511359375 0.758934028125 0.19803125 0.7683107640625
2 0.16302840937500002 0.82222743125 0.1678238640625 0.82222743125 0.171659090625 0.8210555562499999 0.171659090625 0.81578125 0.171659090625 0.8116788187499999 0.171659090625 0.8058177078125001 0.1711789765625 0.804059028125 0.1668636359375 0.8028871531249999 0.16302840937500002 0.801128471875 0.16063068125 0.8064027781249999 0.1582329546875 0.8122638890625 0.1582329546875 0.818125 0.16302840937500002 0.82222743125
0 0.48860511406249996 0.681574653125 0.4929204546875 0.6897795140625 0.50107244375 0.6932968749999999 0.50250994375 0.6897795140625 0.5039488640625 0.678644096875 0.5015511359375 0.670440971875 0.495796875 0.6622361109375 0.4905227265625 0.659890625 0.4862073859375 0.65813368125 0.48572869374999994 0.6675104171874999 0.48668750000000005 0.674543403125 0.48860511406249996 0.681574653125
2 0.5097031249999999 0.7208402781250001 0.5116207390625 0.717324653125 0.5121008515625001 0.7149791671875 0.5097031249999999 0.7085329859375 0.5082642046875 0.70325868125 0.5111420453125 0.69739930625 0.5073053984375 0.6968125 0.5049076703125001 0.70208680625 0.5039488640625 0.710878471875 0.5049076703125001 0.7202552078125 0.5097031249999999 0.7208402781250001
0 0.5902585234375 0.6932968749999999 0.5921761359375 0.68919444375 0.5945738640625 0.6839201390625 0.5940937500000001 0.676300346875 0.5912173296875001 0.6721979171875 0.5878607953125 0.66282118125 0.5845042609375 0.657546875 0.5825866484375 0.652859375 0.5801889203124999 0.6505138890625 0.5768323859375 0.6522725687500001 0.5763522734375 0.659890625 0.57827130625 0.673956596875 0.5845042609375 0.6862638890625 0.5869019890625 0.6927100687500001 0.5902585234375 0.6932968749999999
0 0.60272443125 0.69446875 0.6056022734375001 0.70208680625 0.6113551140625 0.7138072921874999 0.61663068125 0.70560243125 0.6228636359374999 0.69974305625 0.626700284375 0.6897795140625 0.62430255625 0.6850920140625 0.6199872156249999 0.677472221875 0.6151917609375 0.681574653125 0.6075198859375 0.6845052078125 0.60272443125 0.69446875
1 0.47485653437500003 0.44836979218749995 0.4767741484375 0.45539930625 0.481887784375 0.46047743125 0.48891761406249995 0.46555381875 0.49147443125 0.46672569375000006 0.490515625 0.45110416718749996 0.4908352265625 0.43430902812500005 0.48955681875 0.41751562499999995 0.48795880625 0.40853124999999996 0.48795880625 0.40150173593750005 0.48412357968749997 0.3983767359375 0.4812485796875 0.3987673609375 0.47773295468750004 0.4022829859375 0.4751761359375 0.40774999999999995 0.47325852343749997 0.412828125 0.47198153437499996 0.415953125 0.4710227265625 0.4257170140625 0.4726207390625 0.43079340312500003 0.47325852343749997 0.438996528125 0.47485653437500003 0.44836979218749995
2 0.4850696015625 0.3993125 0.4862457390625 0.40038888906250003 0.4874204546875 0.4011076390625 0.48859517031250005 0.401824653125 0.48947727343749997 0.401824653125 0.4903579546875 0.398953125 0.4891832390625 0.3964392359375 0.4888892046875 0.3924895828125 0.4862457390625 0.3928489578125 0.48330681875000003 0.393206596875 0.48330681875000003 0.39715798593749996 0.48477556875000005 0.3993125 0.4850696015625 0.3993125
2 0.4333607953125 0.41403472187499996 0.43688636406250003 0.414394096875 0.43806107968749997 0.4118802078125 0.4392357953125 0.40828993125 0.4398238640625 0.40505729218750003 0.4395298296875 0.40218402812500004 0.43835511406250005 0.40218402812500004 0.4360042609375 0.4011076390625 0.43365482968749997 0.40290277812499997 0.4327727265625 0.40828993125 0.4333607953125 0.41403472187499996
2 0.68600994375 0.9830520828125 0.6854332390625 0.990105903125 0.68658806875 0.9982638890625 0.6891832390625 0.9982638890625 0.694375 0.9982170140625 0.6946633515625 0.992574653125 0.6961051140625 0.9844635421874999 0.694375 0.982699653125 0.69050994375 0.9738993062500001 0.68975994375 0.9724704859375001 0.687453125 0.9781145828125 0.68600994375 0.9830520828125
2 0.1858678984375 0.6169687500000001 0.18896732968750002 0.6172395828125 0.19096164843750002 0.6172395828125 0.1947258515625 0.6172395828125 0.1969417609375 0.6158854171875 0.19804829531249998 0.6093854171875 0.19583380625 0.6018020828124999 0.186309659375 0.6013315968749999 0.1840951703125 0.60721875 0.1845383515625 0.61534375 0.1858678984375 0.6169687500000001