3 0.205965909375 0.9982638890625 0.26420454531250004 0.9982638890625 0.26846590937500003 0.9461805562500001 0.26278409062499997 0.9045138890625 0.27556818125000004 0.8923611109375 0.27556818125000004 0.8576388890625 0.2386363640625 0.737847221875 0.2329545453125 0.6458333328125 0.2144886359375 0.6041666671875 0.203125 0.5989583328125 0.1946022734375 0.605902778125 0.1761363640625 0.675347221875 0.15767045468750002 0.7135416671875 0.15909090937499998 0.7864583328125 0.1988636359375 0.921875 0.203125 0.9930555562500001 0.205965909375 0.9982638890625
3 0.7215909093749999 0.59375 0.7372159093749999 0.6111111109375 0.7542613640625 0.6145833328125 0.7599431812499999 0.5642361109375 0.7443181812499999 0.543402778125 0.7599431812499999 0.4947916671875 0.7755681812499999 0.3263888890625 0.7855113640625 0.3125 0.7571022734375 0.2864583328125 0.7613636359375 0.27430555624999997 0.7855113640625 0.25868055624999997 0.7869318187500001 0.237847221875 0.7798295453125 0.21875 0.7642045453125 0.22048611093749998 0.7556818187500001 0.23611111093749998 0.734375 0.2517361109375 0.7130681812499999 0.31944444375000003 0.7144886359375 0.375 0.734375 0.4010416671875 0.7372159093749999 0.41493055625 0.7215909093749999 0.59375
3 0.7485795453125 0.9982638890625 0.7869318187500001 0.9982638890625 0.7982954546875 0.8975694437499999 0.8082386359375 0.6163194437499999 0.8053977265625001 0.6041666671875 0.7954545453125 0.597222221875 0.7826704546875 0.597222221875 0.7755681812499999 0.605902778125 0.7585227265625 0.6631944437499999 0.7443181812499999 0.737847221875 0.75 0.769097221875 0.7386363640625 0.809027778125 0.7457386359375 0.8663194437499999 0.734375 0.940972221875 0.7372159093749999 0.9774305562500001 0.7485795453125 0.9982638890625
3 0.796875 0.8142361109375 0.8011363640625 0.8194444437499999 0.8238636359375 0.8055555562500001 0.8323863640625 0.7482638890625 0.86931818125 0.75 0.8664772734374999 0.6875 0.8778409093749999 0.6736111109375 0.8877840906250001 0.6736111109375 0.8863636359375 0.6631944437499999 0.8707386359375 0.6545138890625 0.8664772734374999 0.6354166671875 0.8664772734374999 0.5548611109375 0.8934659093749999 0.503472221875 0.8934659093749999 0.4739583328125 0.88068181875 0.4513888890625 0.8721590906250001 0.44965277812500004 0.8636363640625 0.4583333328125 0.8522727265625001 0.49652777812500004 0.8309659093749999 0.5225694437499999 0.8125 0.6336805562500001 0.81818181875 0.7708333328125 0.8153409093749999 0.78125 0.8011363640625 0.7916666671875 0.796875 0.8142361109375
1 0.734375 0.7239583328125 0.7329545453125 0.753472221875 0.7485795453125 0.7586805562500001 0.75 0.7204861109375 0.734375 0.7239583328125
3 0.9730113640625 0.7274305562500001 0.9644886359375 0.7395833328125 0.96875 0.8072916671874999 0.9730113640625 0.8107638890625 0.984375 0.8020833328125001 0.9985795453125 0.8072916671874999 0.9985795453125 0.6267361109375 0.9914772734374999 0.6545138890625 0.96875 0.6701388890625 0.95880681875 0.6857638890625 0.9232954546875 0.690972221875 0.9090909093749999 0.6805555562500001 0.9105113640625 0.7118055562500001 0.9247159093749999 0.7083333328125 0.96306818125 0.7170138890625 0.9730113640625 0.7274305562500001
0 0.89967755625 0.589184028125 0.8910781249999999 0.5882291671875 0.8934232953125001 0.5805833328125 0.8724701703125 0.5826736109375 0.8672372156250001 0.5906180562500001 0.8688011359375001 0.6030416671875 0.90045880625 0.59921875 0.89967755625 0.589184028125
2 0.90124005625 0.60208680625 0.90045880625 0.5973072921875 0.8934232953125001 0.59921875 0.8824801140625 0.6011302078125 0.8693451703124999 0.6068663187500001 0.8738821015625 0.6121197921875 0.8879517046875 0.609730903125 0.90124005625 0.60208680625
2 0.8945965906250001 0.6837951390625 0.8906875 0.662293403125 0.884434659375 0.650824653125 0.8742727265625 0.6532135421875 0.8648920453125 0.6513020828125 0.8609829546875 0.6689826390625 0.8738821015625 0.6732829859375 0.885606534375 0.69669618125 0.9059303984374999 0.7052968749999999 0.8945965906250001 0.6837951390625
2 0.9090568187500001 0.7043420140625 0.9094488640625 0.71055381875 0.9184374999999999 0.71150868125 0.924299715625 0.70481944375 0.9203906249999999 0.684534721875 0.9067116484375 0.6761493062499999 0.9035852265625 0.6895295140625 0.89967755625 0.69000694375 0.9090568187500001 0.7043420140625
2 0.7756448859375 0.31553993125 0.77322443125 0.31524305625000004 0.777096590625 0.3105104171875 0.773465909375 0.3075520828125 0.76741619375 0.31021354218749997 0.7617201703125 0.318574653125 0.7642713062500001 0.33299305625 0.780484375 0.3238229171875 0.7845980109374999 0.3164270828125 0.7756448859375 0.31553993125