2 0.521875 0.9375 0.525 0.9375 0.5296875 0.94375 0.5296875 0.975 0.5265625 0.98125 0.525 0.9796875 0.5265625 0.9609375 0.5234375 0.9578125 0.5171875 0.9578125 0.515625 0.9546875 0.515625 0.94375 0.521875 0.9390625
2 0.546875 0.825 0.5546875 0.8265625 0.55625 0.83125 0.553125 0.84375 0.55 0.84375 0.546875 0.8390625 0.546875 0.8265625
2 0.521875 0.9375 0.5265625 0.9375 0.5296875 0.94375 0.5296875 0.9578125 0.5265625 0.959375 0.5171875 0.95625 0.515625 0.94375 0.521875 0.9390625
2 0.453125 0.4 0.4578125 0.4078125 0.45625 0.415625 0.453125 0.4171875 0.45 0.4140625 0.4515625 0.4015625
2 0.4609375 0.4140625 0.4671875 0.425 0.465625 0.4328125 0.4578125 0.4234375 0.45625 0.415625 0.459375 0.4140625
2 0.18125 0.48359375 0.0125 0.015625
2 0.590625 0.8078125 0.5921875 0.8234375 0.5890625 0.828125 0.584375 0.8296875 0.578125 0.8296875 0.578125 0.821875 0.584375 0.8109375 0.5890625 0.8078125
3 0.6633522734375 0.9982638890625 0.65625 0.9288194437499999 0.6463068187500001 0.9201388890625 0.6377840906250001 0.921875 0.625 0.9357638890625 0.6278409093749999 0.9548611109375 0.609375 0.9791666671874999 0.6107954546875 0.9982638890625 0.6633522734375 0.9982638890625
3 0.5710227265625 0.9375 0.5795454546875 0.871527778125 0.5980113640625 0.831597221875 0.5951704546875 0.7743055562500001 0.5795454546875 0.7048611109375 0.5667613640625 0.699652778125 0.5596590906250001 0.706597221875 0.5411931812499999 0.7552083328125 0.5255681812499999 0.7725694437499999 0.5241477265625 0.784722221875 0.5284090906250001 0.8489583328125001 0.5127840906250001 0.9305555562500001 0.5610795453125 0.9583333328125001 0.5710227265625 0.9375
3 0.5255681812499999 0.956597221875 0.5269886359375 0.940972221875 0.5213068187500001 0.9375 0.5056818187500001 0.9444444437499999 0.484375 0.909722221875 0.46732954531250004 0.902777778125 0.45738636406250005 0.9131944437499999 0.453125 0.9548611109375 0.440340909375 0.9861111109375 0.43892045468749996 0.9982638890625 0.49147727343750003 0.9982638890625 0.49431818125 0.972222221875 0.5255681812499999 0.956597221875
3 0.4375 0.5364583328125 0.44886363593749995 0.5381944437499999 0.45738636406250005 0.5295138890625 0.47017045468749996 0.5416666671875 0.47585227343750003 0.5243055562500001 0.48579545468749996 0.3923611109375 0.47443181875 0.3697916671875 0.47301136406250005 0.3489583328125 0.465909090625 0.3420138890625 0.45738636406250005 0.3489583328125 0.44744318125 0.4079861109375 0.45170454531250004 0.41840277812500004 0.450284090625 0.47222222187499996 0.44602272656249997 0.5208333328125 0.4375 0.5364583328125
3 0.15340909062500002 0.6180555562500001 0.1633522734375 0.671875 0.16903409062500002 0.6770833328125 0.18181818125 0.6701388890625 0.18607954531249998 0.6545138890625 0.17329545468750002 0.5763888890625 0.17329545468750002 0.5243055562500001 0.1832386359375 0.5 0.1605113640625 0.46875 0.15056818125 0.4375 0.14630681875 0.4322916671875 0.13920454531249998 0.4375 0.13778409062500002 0.4704861109375 0.12642045468750002 0.49305555625 0.12642045468750002 0.5295138890625 0.15340909062500002 0.6180555562500001
1 0.45880681875 0.5381944437499999 0.44460227343750003 0.5381944437499999 0.43607954531250004 0.550347221875 0.434659090625 0.5798611109375 0.43892045468749996 0.5850694437499999 0.46448863593749995 0.5711805562500001 0.45880681875 0.5381944437499999