0 0.52144318125 0.22029340312499998 0.524950284375 0.22029340312499998 0.526265625 0.2192239578125 0.526265625 0.2168142359375 0.5256079546875 0.2125295140625 0.5207855109375 0.202890625 0.51859375 0.20101736093749997 0.517497159375 0.20503298593750002 0.51585369375 0.20868923593750002 0.52144318125 0.22029340312499998
2 0.5146477265625 0.207175346875 0.516840909375 0.20583680625 0.517059659375 0.2042291671875 0.5177173296875 0.19967881875 0.516840909375 0.1983385421875 0.5148678984374999 0.19994618125000002 0.512455965625 0.20021354218749998 0.5111420453125 0.20074826406250001 0.511909090625 0.204269096875 0.5146477265625 0.207175346875
2 0.5296875 0.440625 0.01171875 0.02109375
2 0.8265625 0.8578125 0.01171875 0.0171875
2 0.825 0.896875 0.8328125 0.896875 0.8359375 0.9 0.8359375 0.9078125 0.83125 0.9171875 0.821875 0.9078125 0.821875 0.903125 0.825 0.8984375
2 0.5359375 0.43046875 0.00703125 0.0171875
0 0.82360369375 0.864043403125 0.81959943125 0.8670434031250001 0.8170781249999999 0.8995520828125001 0.8244928984375001 0.89230555625 0.82924005625 0.8865086812499999 0.8301292609375001 0.868390625 0.8295355109375 0.8662170140625 0.82834943125 0.86186805625 0.82834943125 0.8528107640625 0.8233068187500001 0.8520850687499999 0.8241974437499999 0.85788368125 0.82360369375 0.864043403125
0 0.8339857953125 0.8952465281249999 0.8366548296874999 0.8927100687499999 0.839325284375 0.8898125 0.839919034375 0.8876388890625 0.8405113640625 0.882565971875 0.8372485796875001 0.8753177078125001 0.8322059656249999 0.8778541671875001 0.819450284375 0.8995954859375 0.8129247156250001 0.9097413187500001 0.80995880625 0.916625 0.8105511359375001 0.922784721875 0.812627840625 0.9267708328125 0.81678125 0.9293072921875 0.8258281249999999 0.9143576390625 0.8250866484375001 0.9151770828125001 0.8221207390625 0.9122777781250001 0.8209332390625 0.90792881875 0.8212301140625 0.9053923609375 0.8218238640625 0.9010451390625001 0.82271306875 0.89669618125 0.8241974437499999 0.89669618125 0.82775568125 0.895972221875 0.8339857953125 0.8952465281249999
3 0.8309659093749999 0.8975694437499999 0.8210227265625001 0.8958333328125001 0.82244318125 0.9079861109375 0.8295454546875 0.9131944437499999 0.8309659093749999 0.921875 0.8252840906250001 0.9739583328125001 0.8167613640625 0.9982638890625 0.8394886359375 0.9982638890625 0.8480113640625 0.9739583328125001 0.8721590906250001 0.934027778125 0.8821022734374999 0.9045138890625 0.8977272734374999 0.887152778125 0.90056818125 0.859375 0.89630681875 0.800347221875 0.8877840906250001 0.7899305562500001 0.88494318125 0.7899305562500001 0.8707386359375 0.8038194437499999 0.8622159093749999 0.8038194437499999 0.8522727265625001 0.824652778125 0.82244318125 0.8541666671874999 0.8238636359375 0.8680555562500001 0.8451704546875 0.8541666671874999 0.84943181875 0.859375 0.8394886359375 0.875 0.83806818125 0.8888888890625 0.8309659093749999 0.8975694437499999
3 0.5440340906250001 0.6076388890625 0.5355113640625 0.5833333328125 0.5383522734375 0.5399305562500001 0.5298295453125 0.4635416671875 0.5397727265625 0.43055555625 0.5369318187500001 0.4236111109375 0.5269886359375 0.4270833328125 0.5198863640625 0.41840277812500004 0.5170454546875 0.4079861109375 0.5227272734375 0.3767361109375 0.5142045453125 0.36805555624999997 0.5071022734375 0.36805555624999997 0.5 0.3767361109375 0.49431818125 0.4079861109375 0.49147727343750003 0.4583333328125 0.5028409093749999 0.527777778125 0.5014204546875 0.609375 0.5071022734375 0.6163194437499999 0.5198863640625 0.6180555562500001 0.5284090906250001 0.609375 0.5397727265625 0.612847221875 0.5440340906250001 0.6076388890625
3 0.5056818187500001 0.19965277812499999 0.5056818187500001 0.17534722187500001 0.5014204546875 0.17013888906250002 0.5 0.17013888906250002 0.49147727343750003 0.1979166671875 0.49147727343750003 0.24479166718749998 0.497159090625 0.2638888890625 0.49573863593749995 0.3229166671875 0.5085227265625 0.3125 0.5028409093749999 0.2986111109375 0.5071022734375 0.22569444375 0.515625 0.206597221875 0.5142045453125 0.19965277812499999 0.5056818187500001 0.19965277812499999
3 0.17471590937499998 0.3697916671875 0.1605113640625 0.4045138890625 0.15909090937499998 0.4704861109375 0.1605113640625 0.49305555625 0.18892045468750002 0.5989583328125 0.2017045453125 0.590277778125 0.203125 0.578125 0.19744318125 0.5711805562500001 0.1960227265625 0.4895833328125 0.1761363640625 0.3697916671875 0.17471590937499998 0.3697916671875