0 0.48156818125 0.2605920140625 0.4810482953125 0.2595329859375 0.47810369374999995 0.26101562500000003 0.4759375 0.2617916671875 0.47896875000000005 0.27603819375 0.48208664843750004 0.27603819375 0.4838196015625 0.274980903125 0.48156818125 0.2605920140625
2 0.478125 0.25 0.48125 0.253125 0.48125 0.259375 0.478125 0.2625 0.475 0.259375 0.475 0.2546875 0.478125 0.2515625
2 0.265625 0.7953125 0.2703125 0.7953125 0.271875 0.7984375 0.26875 0.8234375 0.265625 0.8234375 0.2625 0.809375 0.265625 0.796875
2 0.5765625 0.4796875 0.5796875 0.4828125 0.5796875 0.49375 0.575 0.50625 0.571875 0.4984375 0.571875 0.48125 0.575 0.4796875
2 0.325 0.8234375 0.3265625 0.828125 0.3328125 0.834375 0.33125 0.8453125 0.328125 0.8484375 0.3234375 0.8484375 0.315625 0.840625 0.315625 0.834375 0.3234375 0.825
3 0.19034090937499998 0.6024305562500001 0.203125 0.5885416671875 0.1917613640625 0.546875 0.19744318125 0.49652777812500004 0.1946022734375 0.44444444375 0.1832386359375 0.42534722187499996 0.1803977265625 0.3958333328125 0.171875 0.39409722187499996 0.1633522734375 0.41493055625 0.1633522734375 0.49305555625 0.17755681875 0.5260416671875 0.1832386359375 0.597222221875 0.19034090937499998 0.6024305562500001
3 0.5568181812499999 0.6805555562500001 0.5639204546875 0.6736111109375 0.5596590906250001 0.6545138890625 0.5795454546875 0.48784722187499996 0.5681818187500001 0.4739583328125 0.5681818187500001 0.4375 0.5625 0.4166666671875 0.5525568187500001 0.4166666671875 0.546875 0.42534722187499996 0.5369318187500001 0.4826388890625 0.5383522734375 0.6180555562500001 0.5340909093749999 0.659722221875 0.5411931812499999 0.6788194437499999 0.5568181812499999 0.6805555562500001
3 0.26420454531250004 0.8211805562500001 0.2698863640625 0.8107638890625 0.28693181874999996 0.8211805562500001 0.28409090937500003 0.8819444437499999 0.28835227343750003 0.8958333328125001 0.3011363640625 0.90625 0.30255681874999996 0.918402778125 0.29403409062499997 0.9236111109375 0.29545454531250004 0.934027778125 0.33380681874999996 0.9670138890625 0.34659090937500003 0.934027778125 0.34517045468749996 0.921875 0.33096590937500003 0.9045138890625 0.328125 0.8489583328125001 0.33806818125000004 0.8020833328125001 0.33806818125000004 0.7586805562500001 0.28977272656249997 0.6805555562500001 0.2769886359375 0.6458333328125 0.265625 0.640625 0.2542613640625 0.6545138890625 0.26846590937500003 0.7291666671875 0.26846590937500003 0.7760416671875 0.2613636359375 0.8142361109375 0.26420454531250004 0.8211805562500001
3 0.140625 0.9982638890625 0.2073863640625 0.9982638890625 0.16619318125 0.8541666671874999 0.1491477265625 0.8420138890625 0.13778409062500002 0.809027778125 0.125 0.8072916671874999 0.1178977265625 0.815972221875 0.11505681875 0.8454861109375 0.12215909062500001 0.862847221875 0.12215909062500001 0.9322916671874999 0.140625 0.9982638890625
3 0.125 0.9982638890625 0.1079545453125 0.96875 0.07954545468749999 0.956597221875 0.0696022734375 0.9305555562500001 0.058238635937500005 0.9305555562500001 0.051136364062499995 0.9444444437499999 0.051136364062499995 0.9635416671874999 0.06392045468749999 0.9895833328125001 0.061079545312500004 0.9982638890625 0.125 0.9982638890625
3 0.49005681875 0.2875 0.49005681875 0.36284722187499996 0.5071022734375 0.35069444375000003 0.5184659093749999 0.3576388890625 0.5085227265625 0.2864583328125 0.5142045453125 0.230902778125 0.5042613640625 0.203125 0.49573863593749995 0.203125 0.49005681875 0.23958333281250002 0.47585227343750003 0.2517361109375 0.47727272656249997 0.2673611109375 0.49005681875 0.2875