0 0.5069133515625001 0.313355903125 0.50530255625 0.31219965312500003 0.50094744375 0.317519096875 0.5014204546875 0.3229166671875 0.501325284375 0.3259635421875 0.5014204546875 0.328125 0.501231534375 0.33880381875 0.503409090625 0.33880381875 0.505018465625 0.33880381875 0.5060610796875 0.33706944375000003 0.50681818125 0.3344079859375 0.5071022734375 0.32118055624999997 0.5069133515625001 0.313355903125
2 0.50390625 0.30703125 0.00859375 0.0140625
2 0.54921875 0.97890625 0.01875 0.028125
2 0.5328125 0.8875 0.01171875 0.02421875
2 0.5765625 0.5265625 0.575 0.54375 0.56875 0.5421875 0.5703125 0.5296875 0.575 0.5265625
2 0.51953125 0.9203125 0.00703125 0.0171875
2 0.4984375 0.96875 0.503125 0.9734375 0.503125 0.98125 0.4984375 0.9828125 0.496875 0.98125 0.4984375 0.9703125
3 0.487215909375 0.8645833328125001 0.47017045468749996 0.871527778125 0.455965909375 0.8975694437499999 0.45454545468749996 0.9114583328125001 0.45454545468749996 0.9322916671874999 0.46448863593749995 0.9479166671874999 0.44886363593749995 0.984375 0.45170454531250004 0.9982638890625 0.5298295453125 0.9982638890625 0.5298295453125 0.9704861109375 0.5170454546875 0.9427083328125001 0.5241477265625 0.890625 0.5085227265625 0.8697916671874999 0.487215909375 0.8645833328125001
3 0.5909090906250001 0.949652778125 0.5951704546875 0.8524305562500001 0.5852272734375 0.8055555562500001 0.5738636359375 0.7881944437499999 0.5610795453125 0.7881944437499999 0.5511363640625 0.8038194437499999 0.546875 0.8194444437499999 0.5497159093749999 0.8420138890625 0.5284090906250001 0.8923611109375 0.5497159093749999 0.90625 0.5596590906250001 0.9583333328125001 0.5397727265625 0.965277778125 0.5426136359375 0.9895833328125001 0.5525568187500001 0.9982638890625 0.5724431812499999 0.9982638890625 0.5909090906250001 0.949652778125
3 0.18607954531249998 0.6875 0.17045454531249998 0.6458333328125 0.1491477265625 0.6267361109375 0.14630681875 0.597222221875 0.1335227265625 0.590277778125 0.125 0.605902778125 0.13068181875 0.640625 0.1164772734375 0.671875 0.1178977265625 0.7135416671875 0.13494318125 0.7447916671875 0.171875 0.9010416671874999 0.1789772734375 0.9149305562500001 0.19318181875 0.918402778125 0.19318181875 0.840277778125 0.1803977265625 0.7118055562500001 0.18607954531249998 0.6875
3 0.5355113640625 0.484375 0.5241477265625 0.49652777812500004 0.5255681812499999 0.737847221875 0.5369318187500001 0.71875 0.5568181812499999 0.7048611109375 0.5767045453125 0.53125 0.5568181812499999 0.4791666671875 0.5610795453125 0.46180555625 0.5568181812499999 0.44444444375 0.5482954546875 0.44097222187499996 0.5397727265625 0.44965277812500004 0.5355113640625 0.484375
3 0.48863636406250005 0.3020833328125 0.48295454531250004 0.2864583328125 0.487215909375 0.27430555624999997 0.48295454531250004 0.25347222187499996 0.47443181875 0.25694444375000003 0.46164772656249997 0.28472222187499996 0.465909090625 0.4479166671875 0.47301136406250005 0.44444444375 0.487215909375 0.4513888890625 0.49431818125 0.44618055625 0.487215909375 0.4322916671875 0.487215909375 0.33506944375000003 0.48863636406250005 0.3263888890625 0.5056818187500001 0.31597222187499996 0.5071022734375 0.30381944375000003 0.48863636406250005 0.3020833328125