3 0.471590909375 0.39756944375000003 0.45738636406250005 0.43402777812500004 0.455965909375 0.46006944375 0.481534090625 0.6006944437499999 0.487215909375 0.6076388890625 0.49289772656249997 0.6041666671875 0.5 0.578125 0.5113636359375 0.44618055625 0.5056818187500001 0.41319444375 0.484375 0.37847222187499996 0.47301136406250005 0.37847222187499996 0.471590909375 0.39756944375000003
3 0.30681818125000004 0.765625 0.29403409062499997 0.7708333328125 0.28977272656249997 0.78125 0.28693181874999996 0.8211805562500001 0.27272727343750003 0.8767361109375 0.27982954531250004 0.8923611109375 0.29971590937500003 0.9045138890625 0.30539772656249997 0.9982638890625 0.3636363640625 0.9982638890625 0.36079545468749996 0.902777778125 0.33806818125000004 0.8055555562500001 0.32102272656249997 0.7743055562500001 0.30681818125000004 0.765625
3 0.2102272734375 0.925347221875 0.205965909375 0.8958333328125001 0.17329545468750002 0.8298611109375 0.1647727265625 0.8211805562500001 0.1875 0.9114583328125001 0.1988636359375 0.9236111109375 0.2102272734375 0.925347221875
3 0.1988636359375 0.7291666671875 0.1832386359375 0.699652778125 0.18181818125 0.6631944437499999 0.17471590937499998 0.6423611109375 0.16619318125 0.6354166671875 0.15767045468750002 0.6458333328125 0.13494318125 0.7430555562500001 0.13494318125 0.769097221875 0.15767045468750002 0.8125 0.16903409062500002 0.8072916671874999 0.18892045468750002 0.824652778125 0.1917613640625 0.7986111109375 0.18465909062500002 0.7673611109375 0.19034090937499998 0.7413194437499999 0.1988636359375 0.737847221875 0.1988636359375 0.7291666671875
3 0.3551136359375 0.859375 0.36647727343750003 0.8923611109375 0.37215909062499997 0.9982638890625 0.42897727343750003 0.9982638890625 0.41477272656249997 0.8350694437499999 0.39914772656249997 0.7795138890625 0.38210227343750003 0.7552083328125 0.36931818125000004 0.762152778125 0.35795454531250004 0.8194444437499999 0.3551136359375 0.859375
3 0.6619318187500001 0.7881944437499999 0.6633522734375 0.7517361109375 0.6491477265625 0.706597221875 0.6534090906250001 0.6857638890625 0.6392045453125 0.6545138890625 0.6321022734375 0.652777778125 0.6264204546875 0.659722221875 0.6207386359375 0.703125 0.6022727265625 0.715277778125 0.5852272734375 0.7604166671875 0.5767045453125 0.8072916671874999 0.5866477265625 0.8107638890625 0.5923295453125 0.8272569437499999 0.5994318187500001 0.8645833328125001 0.5980113640625 0.9149305562500001 0.6079545453125 0.921875 0.6150568187500001 0.909722221875 0.6306818187500001 0.9045138890625 0.6349431812499999 0.8602430562500001 0.6619318187500001 0.7881944437499999
3 0.484375 0.1875 0.47727272656249997 0.19097222187500001 0.471590909375 0.215277778125 0.48011363593749995 0.34375 0.487215909375 0.35069444375000003 0.5 0.22916666718749998 0.484375 0.1875
0 0.47586363593750003 0.48046701406250003 0.47836079531250003 0.48084895781250003 0.4799204546875 0.4770329859375 0.4802329546875 0.47283506875 0.4762741484375 0.4703923609375 0.4671235796875 0.47245312500000003 0.4702457390625 0.4766510421875 0.47586363593750003 0.48046701406250003
0 0.3678707390625 0.83993055625 0.37255255625 0.836878471875 0.37255255625 0.830390625 0.3741136359375 0.82352256875 0.3635482953125 0.82271006875 0.36162784062500003 0.8345885421875 0.3650610796875 0.837640625 0.3678707390625 0.83993055625
0 0.3128011359375 0.8577899312499999 0.29545880625 0.886484375 0.2948352265625 0.8929704859375001 0.2970198859375 0.89869444375 0.3066960234375 0.8983125 0.315747159375 0.8983125 0.31855681874999997 0.894878471875 0.32604687499999996 0.88152256875 0.32760795468750004 0.8609184031250001 0.31824431875000003 0.8574826390625001 0.3128011359375 0.8577899312499999
1 0.39897585156250004 0.9719687499999999 0.3973977265625 0.9299947921875 0.379640625 0.9309600687499999 0.3847698859375 0.9628020828125001 0.39897585156250004 0.9719687499999999
3 0.5866477265625 0.9288194437499999 0.5738636359375 0.949652778125 0.5653409093749999 0.984375 0.5653409093749999 0.9982638890625 0.6193181812499999 0.9982638890625 0.6235795453125 0.984375 0.6335227265625 0.9791666671874999 0.6306818187500001 0.9739583328125001 0.6420454546875 0.940972221875 0.640625 0.9166666671874999 0.6264204546875 0.9079861109375 0.6051136359375 0.925347221875 0.5866477265625 0.9288194437499999
2 0.3625 0.8359375 0.3734375 0.8375 0.3734375 0.853125 0.3671875 0.859375 0.3609375 0.8546875 0.359375 0.8515625 0.359375 0.8375 0.3609375 0.8375
2 0.1921875 0.725 0.196875 0.725 0.2 0.7296875 0.1984375 0.7421875 0.1921875 0.74375 0.1890625 0.7390625 0.1890625 0.7296875 0.1921875 0.7265625
2 0.4875 0.4671875 0.4890625 0.4765625 0.4859375 0.48125 0.48125 0.48125 0.478125 0.478125 0.478125 0.4734375 0.4859375 0.4671875
2 0.46875 0.4625 0.475 0.46875 0.475 0.475 0.4703125 0.4765625 0.4671875 0.4734375 0.46875 0.4640625
2 0.1703125 0.7890625 0.0140625 0.02578125
2 0.315625 0.8375 0.02265625 0.0328125
2 0.30278693125 0.9089513890625 0.31568181875 0.91946006875 0.3212329546875 0.9098263890625 0.3174730109375 0.8966892359375 0.3147855109375 0.8940625000000001 0.3135326703125 0.9021631937500001 0.31120454531249997 0.9052291671875 0.3047571015625 0.90347743125 0.3012116484375 0.9006041671875 0.30278693125 0.9089513890625