3 0.44176136406250005 0.984375 0.44176136406250005 0.9947916671874999 0.5184659093749999 0.9982638890625 0.5142045453125 0.9444444437499999 0.5170454546875 0.9045138890625 0.5227272734375 0.8923611109375 0.5071022734375 0.809027778125 0.5085227265625 0.753472221875 0.5014204546875 0.7326388890625 0.47869318125 0.7395833328125 0.46022727343750003 0.8263888890625 0.471590909375 0.871527778125 0.47585227343750003 0.934027778125 0.45880681875 0.972222221875 0.44176136406250005 0.984375
3 0.1803977265625 0.574652778125 0.18892045468750002 0.597222221875 0.205965909375 0.6006944437499999 0.21875 0.5850694437499999 0.2116477265625 0.5711805562500001 0.1917613640625 0.46527777812500004 0.1988636359375 0.44097222187499996 0.18465909062500002 0.4322916671875 0.18181818125 0.4236111109375 0.1789772734375 0.42881944375 0.1789772734375 0.44444444375 0.1676136359375 0.4583333328125 0.1676136359375 0.48784722187499996 0.1803977265625 0.574652778125
3 0.44176136406250005 0.6875 0.45170454531250004 0.6927083328125 0.45454545468749996 0.6822916671875 0.47869318125 0.6857638890625 0.487215909375 0.6736111109375 0.49431818125 0.5329861109375 0.5113636359375 0.5 0.5113636359375 0.4739583328125 0.484375 0.4513888890625 0.48579545468749996 0.41493055625 0.47727272656249997 0.40625 0.46448863593749995 0.41840277812500004 0.465909090625 0.4479166671875 0.44460227343750003 0.46875 0.4375 0.519097221875 0.44886363593749995 0.590277778125 0.44318181875 0.6510416671875 0.434659090625 0.6736111109375 0.44176136406250005 0.6875
3 0.5089829546875 0.464125 0.5255681812499999 0.47743055625 0.5255681812499999 0.5173611109375 0.5383522734375 0.5017361109375 0.5397727265625 0.48090277812500004 0.5511363640625 0.47569444375 0.5568181812499999 0.484375 0.5610795453125 0.48090277812500004 0.5582386359375 0.41319444375 0.5426136359375 0.36631944375000003 0.5298295453125 0.375 0.53125 0.40625 0.5227272734375 0.42534722187499996 0.5248039765625 0.4535416671875 0.51047443125 0.4528107640625 0.5089829546875 0.45682638906250006 0.5089829546875 0.464125
3 0.5383522734375 0.3645833328125 0.5397727265625 0.32465277812500004 0.5326704546875 0.30555555624999997 0.5383522734375 0.28125 0.5326704546875 0.265625 0.5241477265625 0.2708333328125 0.5227272734375 0.28993055624999997 0.5113636359375 0.30034722187499996 0.5099431812499999 0.3420138890625 0.5198863640625 0.42534722187499996 0.5284090906250001 0.37847222187499996 0.5383522734375 0.3645833328125
3 0.5014204546875 0.46180555625 0.5113636359375 0.4427083328125 0.49147727343750003 0.39409722187499996 0.49147727343750003 0.3732638890625 0.484375 0.3645833328125 0.47301136406250005 0.3697916671875 0.47301136406250005 0.39930555624999997 0.487215909375 0.4296875 0.484375 0.44965277812500004 0.5014204546875 0.46180555625
3 0.5355113640625 0.690972221875 0.5525568187500001 0.6788194437499999 0.5596590906250001 0.6822916671875 0.5639204546875 0.671875 0.5596590906250001 0.5989583328125 0.5696022734375 0.5451388890625 0.5653409093749999 0.4861111109375 0.5582386359375 0.4861111109375 0.5511363640625 0.4739583328125 0.5397727265625 0.48090277812500004 0.5397727265625 0.49131944375 0.5255681812499999 0.515625 0.5284090906250001 0.6770833328125 0.5355113640625 0.690972221875
1 0.5836136359374999 0.5743333328125 0.5752542609375 0.5553576390625 0.5722698859375 0.54586805625 0.5713735796875 0.5356510421875 0.5648068187499999 0.494777778125 0.571671875 0.5491527781250001 0.5680909093750001 0.5491527781250001 0.5625 0.5486111109375 0.5610795453125 0.5763888890625 0.5683892046875 0.589659721875 0.5809261359375 0.5812673609375001 0.5836136359374999 0.5743333328125
1 0.5184659093749999 0.875 0.5127840906250001 0.8732638890625 0.497159090625 0.9045138890625 0.5028409093749999 0.9166666671874999 0.5227272734375 0.8923611109375 0.5184659093749999 0.875
2 0.4839644890625 0.95740625 0.48771875 0.9600295140625 0.4941548296875 0.96724131875 0.4957642046875 0.9619947921875 0.4957642046875 0.9567500000000001 0.49683664843750003 0.9515052078125 0.49469034062499995 0.944949653125 0.49040056875 0.9383923609375 0.48343181875 0.941996528125 0.4823551140625 0.9456041671875001 0.4839644890625 0.9508489578124999 0.4839644890625 0.95740625
2 0.716731534375 0.93052430625 0.7113678984375 0.9344583328124999 0.7086860796875001 0.9370815968749999 0.7033224437500001 0.9429826390624999 0.7038593750000001 0.9488836812500001 0.7060042609375 0.9567500000000001 0.716784090625 0.9488125000000001 0.7178039765625 0.9397048609375 0.7199488640625 0.9338038187500001 0.716731534375 0.93052430625
3 0.7698863640625 0.9079861109375 0.7670454546875 0.847222221875 0.7571022734375 0.8333333328125001 0.7400568187500001 0.8350694437499999 0.7301136359375 0.8506944437499999 0.7059659093749999 0.9375 0.7088068187500001 0.9982638890625 0.7443181812499999 0.9982638890625 0.765625 0.9375 0.7698863640625 0.9079861109375
2 0.21641193125 0.594465278125 0.2182698859375 0.590300346875 0.21703125 0.5831076390625001 0.21703125 0.57932118125 0.21517329531249998 0.57515625 0.21104971562500002 0.5772829859375 0.208669034375 0.5819704859375 0.2092883515625 0.58727256875 0.21269460156250003 0.5929513890625 0.21641193125 0.594465278125
2 0.5215198859375 0.46850347187499997 0.52450568125 0.46193402812500006 0.5233110796875 0.45500173593750004 0.51883380625 0.4531770828125 0.51316193125 0.4542708328125 0.5102272734375 0.455453125 0.5065937500000001 0.46047569375 0.508684659375 0.46704340312500003 0.5137585234375 0.46959895781250005 0.5215198859375 0.46850347187499997
2 0.53017755625 0.6024322921875 0.5322670453125 0.600972221875 0.53196875 0.59659375 0.5304758515625 0.59294444375 0.529580965625 0.5874704859375 0.52622443125 0.5896874999999999 0.5227144890625001 0.5922152781250001 0.5233110796875 0.5969583328125 0.526893465625 0.6006076390625 0.53017755625 0.6024322921875