2 0.52291619375 0.21994270781249997 0.5210227265625 0.221909721875 0.5187698859375 0.2280625 0.5237414765625 0.230512153125 0.526231534375 0.23046875 0.5266093749999999 0.22595833281250002 0.52291619375 0.21994270781249997
0 0.5253991484375 0.20115625 0.5226363640625 0.202168403125 0.5220838062500001 0.2133020828125 0.52015056875 0.21566493125 0.5184928984375 0.22511284687500002 0.5195980109375 0.22511284687500002 0.5209786937499999 0.22140104218749998 0.523465909375 0.21937673593749998 0.5265042609374999 0.225449653125 0.5262272734375 0.21937673593749998 0.5273323859375 0.214652778125 0.5265042609374999 0.2133020828125 0.5265042609374999 0.2106041671875 0.5253991484375 0.20115625
0 0.49394744375000005 0.374215278125 0.49471875 0.363659721875 0.4950269890625 0.36158506875 0.4971875 0.36007812499999997 0.4973423296875 0.36347048593750003 0.49749715937500005 0.36742881875 0.5015852265625 0.36673611093749997 0.506137784375 0.3610208328125 0.50552130625 0.3563072921875 0.5032059656250001 0.35140625000000003 0.499965909375 0.3478263890625 0.4979602265625 0.3474479171875 0.49086079531250004 0.35668576406249997 0.491015625 0.365543403125 0.49178693124999995 0.37346006875 0.49333096562499995 0.3747795140625 0.49394744375000005 0.374215278125
2 0.4996576703125 0.3745920140625 0.5027428984375 0.36686284687500004 0.5005823859375 0.36761805625 0.49749715937500005 0.3685607640625 0.49780539843750005 0.3610208328125 0.496262784375 0.360644096875 0.49471875 0.362527778125 0.49425568125 0.372140625 0.494565340625 0.3753454859375 0.4996576703125 0.3745920140625
3 0.5014204546875 0.21006944375 0.5014204546875 0.2517361109375 0.5056818187500001 0.2604166671875 0.5042613640625 0.31944444375000003 0.515625 0.3263888890625 0.515625 0.24131944375 0.5241477265625 0.22743055625 0.5142045453125 0.18055555625 0.5099431812499999 0.18055555625 0.5014204546875 0.21006944375
3 0.5 0.4201388890625 0.49573863593749995 0.39930555624999997 0.49857954531250004 0.35590277812500004 0.487215909375 0.3454861109375 0.487215909375 0.3142361109375 0.48011363593749995 0.30555555624999997 0.47585227343750003 0.30555555624999997 0.46448863593749995 0.35069444375000003 0.46732954531250004 0.4114583328125 0.47301136406250005 0.43055555625 0.47017045468749996 0.4982638890625 0.47301136406250005 0.5138888890625 0.49289772656249997 0.5208333328125 0.5 0.5173611109375 0.49147727343750003 0.503472221875 0.49289772656249997 0.4322916671875 0.5 0.4201388890625
2 0.6140625 0.9015625 0.625 0.8984375 0.6296875 0.8984375 0.6328125 0.9015625 0.6296875 0.9234375 0.6234375 0.9265625 0.6171875 0.9234375 0.6125 0.909375 0.6140625 0.903125
2 0.625 0.8625 0.63125 0.8640625 0.6328125 0.8671875 0.6328125 0.875 0.628125 0.88125 0.6171875 0.88125 0.61875 0.8734375 0.625 0.8640625
2 0.0953125 0.6921875 0.1 0.7015625 0.096875 0.709375 0.09375 0.709375 0.090625 0.6984375 0.090625 0.69375 0.09375 0.6921875
3 0.6704545453125 0.8802083328125001 0.6676136359375 0.9045138890625 0.6619318187500001 0.9114583328125001 0.6505681812499999 0.9114583328125001 0.6321022734375 0.8993055562500001 0.6193181812499999 0.8993055562500001 0.6136363640625 0.9131944437499999 0.6178977265625 0.9236111109375 0.6292613640625 0.925347221875 0.6619318187500001 0.9461805562500001 0.6548295453125 0.965277778125 0.6548295453125 0.9982638890625 0.7102272734375 0.9982638890625 0.7173295453125 0.953125 0.7329545453125 0.9045138890625 0.7329545453125 0.8836805562500001 0.7116477265625 0.7899305562500001 0.6988636359375 0.7708333328125 0.6931818187500001 0.7708333328125 0.6818181812499999 0.7569444437499999 0.671875 0.7569444437499999 0.6590909093749999 0.7725694437499999 0.6491477265625 0.7760416671875 0.6534090906250001 0.8072916671874999 0.6377840906250001 0.8263888890625 0.6164772734375 0.8767361109375 0.6193181812499999 0.8819444437499999 0.6292613640625 0.8802083328125001 0.6590909093749999 0.8420138890625 0.6633522734375 0.8454861109375 0.6704545453125 0.8802083328125001
3 0.11931818125 0.9079861109375 0.125 0.8923611109375 0.11221590937499999 0.890625 0.1079545453125 0.8836805562500001 0.1008522734375 0.8368055562500001 0.0894886359375 0.8038194437499999 0.09375 0.762152778125 0.0852272734375 0.734375 0.09232954531250001 0.7239583328125 0.096590909375 0.699652778125 0.075284090625 0.6805555562500001 0.065340909375 0.659722221875 0.06818181875 0.6423611109375 0.061079545312500004 0.612847221875 0.058238635937500005 0.612847221875 0.051136364062499995 0.621527778125 0.0482954546875 0.644097221875 0.0397727265625 0.6614583328125 0.0383522734375 0.7204861109375 0.0454545453125 0.7881944437499999 0.049715909375 0.8055555562500001 0.061079545312500004 0.8177083328125001 0.09232954531250001 0.921875 0.0980113640625 0.9236111109375 0.11931818125 0.9079861109375