0 0.43735937500000005 0.71715625 0.42823153437499994 0.7091215281250001 0.41472159062499997 0.699746528125 0.41477272656249997 0.7083333328125 0.41619318125 0.730902778125 0.43735937500000005 0.741262153125 0.43735937500000005 0.71715625
0 0.44886363593749995 0.7725694437499999 0.44176136406250005 0.7552083328125 0.4375 0.7708333328125 0.43892045468749996 0.8038194437499999 0.44886363593749995 0.7725694437499999
0 0.44064630625 0.735012153125 0.4388196015625 0.7417083328125 0.44602272656249997 0.7482638890625 0.4640142046875 0.7439409718750001 0.44393181875 0.7292083328125 0.44064630625 0.735012153125
3 0.48295454531250004 0.909722221875 0.5014204546875 0.71875 0.49431818125 0.6822916671875 0.47869318125 0.6510416671875 0.48011363593749995 0.6163194437499999 0.47017045468749996 0.6076388890625 0.453125 0.6302083328125 0.41619318125 0.7083333328125 0.44318181875 0.7517361109375 0.43892045468749996 0.7725694437499999 0.44176136406250005 0.8333333328125001 0.450284090625 0.84375 0.450284090625 0.875 0.47301136406250005 0.8923611109375 0.465909090625 0.925347221875 0.47443181875 0.9288194437499999 0.48295454531250004 0.909722221875
3 0.3323863640625 0.9861111109375 0.34232954531250004 0.9982638890625 0.39346590937500003 0.9982638890625 0.36789772656249997 0.8958333328125001 0.36789772656249997 0.8836805562500001 0.3792613640625 0.8663194437499999 0.37215909062499997 0.831597221875 0.35085227343750003 0.824652778125 0.32954545468749996 0.8802083328125001 0.3323863640625 0.9861111109375
3 0 0.9982638890625 0.0852272734375 0.9982638890625 0.044034090625 0.8541666671874999 0.007102273437499999 0.8020833328125001 0 0.809027778125 0 0.9982638890625
3 0.9488636359375 0.7569444437499999 0.94744318125 0.730902778125 0.9389204546875 0.730902778125 0.9232954546875 0.7604166671875 0.9076704546875 0.7760416671875 0.8551136359375 0.9461805562500001 0.84943181875 0.987847221875 0.86505681875 0.9861111109375 0.8721590906250001 0.9947916671874999 0.8821022734374999 0.9947916671874999 0.8863636359375 0.96875 0.9034090906250001 0.9288194437499999 0.9190340906250001 0.9131944437499999 0.9389204546875 0.8177083328125001 0.9332386359375 0.78125 0.9488636359375 0.7569444437499999
3 0.46164772656249997 0.30555555624999997 0.46448863593749995 0.34027777812500004 0.46022727343750003 0.3541666671875 0.47443181875 0.36631944375000003 0.487215909375 0.28472222187499996 0.481534090625 0.27430555624999997 0.49005681875 0.25694444375000003 0.48579545468749996 0.21701388906250002 0.47727272656249997 0.20833333281250002 0.465909090625 0.24479166718749998 0.46164772656249997 0.30555555624999997
1 0.4890625 0.25 0.4921875 0.25 0.4984375 0.2625 0.4984375 0.275 0.4953125 0.28125 0.4875 0.290625 0.484375 0.2921875 0.4828125 0.290625 0.48125 0.2765625 0.484375 0.259375 0.4890625 0.2515625
2 0.4515625 0.7421875 0.45625 0.7453125 0.4515625 0.765625 0.44375 0.753125 0.4453125 0.74375 0.45 0.7421875
2 0.421875 0.696875 0.4265625 0.7 0.428125 0.709375 0.425 0.7078125 0.41875 0.7109375 0.415625 0.7078125 0.4203125 0.6984375
2 0.91875 0.9046875 0.9203125 0.9109375 0.915625 0.9234375 0.9109375 0.9234375 0.9109375 0.9140625 0.9140625 0.90625 0.9171875 0.9046875