3 0.481534090625 0.3298611109375 0.465909090625 0.2951388890625 0.455965909375 0.30381944375000003 0.46022727343750003 0.32465277812500004 0.44176136406250005 0.36284722187499996 0.44744318125 0.36805555624999997 0.45170454531250004 0.40625 0.45738636406250005 0.41493055625 0.46022727343750003 0.4583333328125 0.453125 0.47222222187499996 0.46306818125 0.47569444375 0.47727272656249997 0.46180555625 0.481534090625 0.3298611109375
3 0.5738636359375 0.3958333328125 0.5568181812499999 0.35069444375000003 0.5454545453125 0.3541666671875 0.5454545453125 0.3767361109375 0.5326704546875 0.38715277812500004 0.5255681812499999 0.4079861109375 0.5241477265625 0.42534722187499996 0.5340909093749999 0.44965277812500004 0.5298295453125 0.46527777812500004 0.5369318187500001 0.5329861109375 0.5340909093749999 0.5625 0.5568181812499999 0.6076388890625 0.5653409093749999 0.5416666671875 0.5681818187500001 0.44444444375 0.5738636359375 0.42534722187499996 0.5738636359375 0.3958333328125
0 0.4524801140625 0.36367881875 0.449984375 0.357918403125 0.43847443124999996 0.357105903125 0.43583948906250003 0.36537152812499996 0.44194176093750004 0.36876041718749997 0.4516477265625 0.3690989578125 0.4524801140625 0.36367881875
1 0.4515241484375 0.37762673593749996 0.45136931875 0.39666493125 0.4502769890625 0.40885069375 0.4582258515625 0.41589409687499995 0.46040909062499996 0.412277778125 0.46103125 0.38828819375 0.45994034062500005 0.38410069375 0.4554204546875 0.38410069375 0.4533948859375 0.3854322921875 0.45355113593749996 0.37800694375 0.4515241484375 0.37762673593749996
3 0.5198863640625 0.628472221875 0.48863636406250005 0.5243055562500001 0.47585227343750003 0.5381944437499999 0.47727272656249997 0.5607638890625 0.46306818125 0.5850694437499999 0.45170454531250004 0.628472221875 0.44886363593749995 0.6979166671875 0.49005681875 0.828125 0.497159090625 0.8350694437499999 0.5014204546875 0.831597221875 0.5042613640625 0.7291666671875 0.5085227265625 0.7118055562500001 0.5184659093749999 0.706597221875 0.5198863640625 0.6944444437499999 0.5142045453125 0.675347221875 0.5198863640625 0.628472221875
1 0.5184659093749999 0.6770833328125 0.5142045453125 0.6701388890625 0.5142045453125 0.675347221875 0.5099431812499999 0.6857638890625 0.5 0.699652778125 0.5 0.706597221875 0.5014204546875 0.706597221875 0.5042613640625 0.7118055562500001 0.5142045453125 0.7118055562500001 0.5213068187500001 0.7048611109375 0.5213068187500001 0.6857638890625 0.5184659093749999 0.6770833328125
2 0.45604403437499996 0.701984375 0.459578125 0.7052222218749999 0.46134517031250005 0.6973072921875 0.4586946015625 0.69371006875 0.4489758515625 0.69371006875 0.45074289843750004 0.7073802078125 0.4536875 0.70846006875 0.45604403437499996 0.701984375
2 0.49727556875 0.6548576390624999 0.48814488593750005 0.6580954859375 0.49167897656250004 0.66528993125 0.4925625 0.6699670140625 0.4978636359375 0.66564930625 0.49727556875 0.6548576390624999
0 0.50493181875 0.638309028125 0.5005142046875 0.64802256875 0.5052272734375001 0.6476631937499999 0.5099389203125 0.6401076390625 0.5090553984375 0.6318333328125 0.5013977265625 0.6127673609375 0.4726832390625 0.62271875 0.47135795468749997 0.6249982640625 0.4737144890625 0.6350711812500001 0.4740085234375 0.6401076390625 0.4781321015625 0.6509010421875 0.48019318125000005 0.6509010421875 0.4831392046875 0.64802256875 0.48667329531250003 0.6372291671875 0.4937414765625 0.629675346875 0.50493181875 0.638309028125
0 0.49079545468749997 0.6313576390625 0.48137215937500005 0.6509010421875 0.4869673296875 0.653777778125 0.49226846562500004 0.6433454859375 0.494625 0.6473020828125 0.49550852343749996 0.653418403125 0.49874715937499997 0.65018055625 0.5028707390625 0.6393888890625 0.5040482953125001 0.6361510421875 0.4934460234375 0.6285954859375 0.49079545468749997 0.6313576390625
0 0.49491903437499996 0.6544982640625 0.49580255624999997 0.645503471875 0.49432954531249995 0.6422656250000001 0.4905014203125 0.6433454859375 0.48902840937500003 0.6480954859375 0.48932386406250006 0.657375 0.4925625 0.6588142359375 0.49491903437499996 0.6544982640625
0 0.45558948906249996 0.73678819375 0.45989488593749994 0.7319045140625 0.46174005625000003 0.723265625 0.46050994375 0.6992239578125 0.45927982968750003 0.7078645828125001 0.45743465937499994 0.7044826390625001 0.4525142046875 0.707737846875 0.454359375 0.730402778125 0.45558948906249996 0.73678819375