0 0.5313338062499999 0.26628645781250004 0.5273366484374999 0.26555555625 0.527762784375 0.28850868125 0.5323082390625 0.289699653125 0.5319829546875 0.288112846875 0.5313338062499999 0.26628645781250004
2 0.528737215625 0.2650954859375 0.530684659375 0.26628645781250004 0.53328125 0.2698576390625 0.5336065343749999 0.2690642359375 0.53425568125 0.26549131875 0.5329573859375001 0.2599357640625 0.530359375 0.2591423609375 0.5269048296875 0.2597395828125 0.5264644890625 0.2639045140625 0.5271136359375 0.2658888890625 0.528737215625 0.2650954859375
0 0.4702045453125 0.19068055625 0.4726519890625 0.1879166671875 0.47453551093749996 0.18722743125000002 0.4737826703125 0.1833125 0.47189914843749997 0.1823923609375 0.46888636406249995 0.1823923609375 0.4672741484375 0.184109375 0.46493181874999995 0.193671875 0.4671917609375 0.1948229171875 0.4694517046875 0.19252083281250001 0.4702045453125 0.19068055625
2 0.47227556875000004 0.19666493125 0.47302982968749996 0.1929826390625 0.4737826703125 0.1886076390625 0.47103835156249996 0.18993576406249998 0.466815340625 0.19505381875 0.46700426093749997 0.197125 0.46850994375 0.19850694375 0.47227556875000004 0.19666493125
2 0.45532812500000003 0.2212986109375 0.4570241484375 0.21945659687500002 0.45683522656250003 0.214621528125 0.45698437500000005 0.20956597187499998 0.4517514203125 0.20886631875 0.45212784062500005 0.215081596875 0.45363352343749996 0.21945659687500002 0.45532812500000003 0.2212986109375
2 0.48112642031249997 0.218765625 0.4833863640625 0.21715451406250003 0.483762784375 0.21715451406250003 0.48432812500000005 0.21577256875 0.4824446015625 0.2141614578125 0.4824446015625 0.20794618125 0.4788664765625 0.2074861109375 0.47566619374999997 0.20909722187500002 0.47623011406250004 0.215543403125 0.476606534375 0.21945659687500002 0.47867897656249997 0.2212986109375 0.48037357968750005 0.22198958281249997 0.48112642031249997 0.218765625
2 0.5091832390625 0.273953125 0.509372159375 0.2714201390625 0.5082414765625 0.26980902812499996 0.506359375 0.270269096875 0.5041633515624999 0.270909721875 0.5039105109375 0.2755642359375 0.5056051140625 0.278097221875 0.50786505625 0.278097221875 0.5091832390625 0.273953125
2 0.37167897656250004 0.8959236109375001 0.3710113640625 0.9 0.37134517031250003 0.9081545140625 0.37534659062500003 0.912230903125 0.37934943125 0.9134548609375001 0.3844232953125 0.8969270828125 0.3806832390625 0.886546875 0.37401278437499996 0.8914392359375001 0.37167897656250004 0.8959236109375001
2 0.3830170453125 0.8783923609375 0.38701846562500003 0.8804322921875001 0.39268749999999997 0.8751319437499999 0.3946889203125 0.8612708328125 0.39035369375 0.8527083328125 0.38234943125 0.85311631875 0.37934943125 0.8555624999999999 0.380015625 0.8629010421875 0.37768181875 0.8673854171875 0.38034943125 0.8710538187499999 0.3830170453125 0.8783923609375
3 0.37357954531250004 0.9079861109375 0.403409090625 0.940972221875 0.43607954531250004 0.953125 0.440340909375 0.9982638890625 0.49005681875 0.9982638890625 0.484375 0.9791666671874999 0.49573863593749995 0.9270833328125001 0.49005681875 0.8802083328125001 0.46022727343750003 0.815972221875 0.42755681875 0.7725694437499999 0.41051136406250005 0.7673611109375 0.39914772656249997 0.7760416671875 0.3948863640625 0.8107638890625 0.40056818125 0.8368055562500001 0.3792613640625 0.855902778125 0.3792613640625 0.8680555562500001 0.3863636359375 0.8767361109375 0.375 0.894097221875 0.37357954531250004 0.9079861109375
3 0.5269886359375 0.328125 0.5326704546875 0.19618055625 0.5227272734375 0.1979166671875 0.5014204546875 0.24131944375 0.5 0.3333333328125 0.5113636359375 0.3385416671875 0.5184659093749999 0.328125 0.5269886359375 0.328125
3 0.5 0.246527778125 0.49431818125 0.15625 0.48579545468749996 0.15451388906250002 0.47443181875 0.1822916671875 0.47301136406250005 0.206597221875 0.48579545468749996 0.30034722187499996 0.497159090625 0.2916666671875 0.5 0.246527778125
3 0.471590909375 0.203125 0.48011363593749995 0.171875 0.47301136406250005 0.13888888906250002 0.465909090625 0.140625 0.453125 0.1875 0.455965909375 0.2760416671875 0.47301136406250005 0.2829861109375 0.47869318125 0.22395833281250002 0.471590909375 0.203125