3 0.49431818125 0.7413194437499999 0.49289772656249997 0.7239583328125 0.5071022734375 0.6822916671875 0.5014204546875 0.6302083328125 0.48295454531250004 0.59375 0.481534090625 0.5711805562500001 0.47301136406250005 0.5625 0.45880681875 0.578125 0.455965909375 0.6076388890625 0.434659090625 0.628472221875 0.424715909375 0.6788194437499999 0.424715909375 0.7430555562500001 0.43892045468749996 0.7986111109375 0.43892045468749996 0.8576388890625 0.49431818125 0.7413194437499999
3 0.5397727265625 0.7048611109375 0.5482954546875 0.644097221875 0.5397727265625 0.6076388890625 0.5411931812499999 0.590277778125 0.53125 0.5694444437499999 0.5241477265625 0.5694444437499999 0.5184659093749999 0.5798611109375 0.5042613640625 0.6197916671875 0.5085227265625 0.6736111109375 0.5340909093749999 0.690972221875 0.5397727265625 0.7048611109375
3 0.5184659093749999 0.8888888890625 0.5355113640625 0.909722221875 0.5298295453125 0.9357638890625 0.5397727265625 0.9392361109375 0.546875 0.925347221875 0.5497159093749999 0.862847221875 0.5667613640625 0.824652778125 0.5667613640625 0.7899305562500001 0.5525568187500001 0.7291666671875 0.5269886359375 0.684027778125 0.5142045453125 0.6805555562500001 0.5042613640625 0.6892361109375 0.49857954531250004 0.7361111109375 0.47301136406250005 0.78125 0.47443181875 0.8211805562500001 0.49857954531250004 0.831597221875 0.5014204546875 0.909722221875 0.5184659093749999 0.8888888890625
3 0.46306818125 0.565972221875 0.47727272656249997 0.5642361109375 0.487215909375 0.581597221875 0.49147727343750003 0.534722221875 0.5056818187500001 0.4947916671875 0.5085227265625 0.4479166671875 0.5028409093749999 0.4166666671875 0.484375 0.3697916671875 0.47301136406250005 0.36805555624999997 0.47017045468749996 0.375 0.44886363593749995 0.43055555625 0.44886363593749995 0.4479166671875 0.455965909375 0.453125 0.46306818125 0.565972221875
3 0.5284090906250001 0.550347221875 0.5269886359375 0.5399305562500001 0.5383522734375 0.527777778125 0.5284090906250001 0.5173611109375 0.5284090906250001 0.5 0.5397727265625 0.453125 0.5596590906250001 0.41319444375 0.5511363640625 0.39756944375000003 0.5383522734375 0.31597222187499996 0.5255681812499999 0.32465277812500004 0.5269886359375 0.34375 0.5170454546875 0.38368055624999997 0.5170454546875 0.42534722187499996 0.5227272734375 0.4479166671875 0.5142045453125 0.5399305562500001 0.5284090906250001 0.550347221875
3 0.49857954531250004 0.34722222187499996 0.5042613640625 0.3611111109375 0.5085227265625 0.230902778125 0.5014204546875 0.19965277812499999 0.49147727343750003 0.20833333281250002 0.484375 0.230902778125 0.48863636406250005 0.25347222187499996 0.48579545468749996 0.3489583328125 0.49857954531250004 0.34722222187499996
3 0.471590909375 0.35243055624999997 0.48011363593749995 0.36284722187499996 0.48579545468749996 0.33159722187499996 0.487215909375 0.2517361109375 0.48295454531250004 0.23263888906250002 0.47017045468749996 0.21701388906250002 0.46306818125 0.21875 0.471590909375 0.2604166671875 0.465909090625 0.2829861109375 0.47443181875 0.3125 0.471590909375 0.35243055624999997
3 0.5355113640625 0.2986111109375 0.5397727265625 0.24305555625 0.53125 0.20138888906250002 0.5198863640625 0.19965277812499999 0.5241477265625 0.222222221875 0.515625 0.29340277812500004 0.5227272734375 0.33506944375000003 0.5355113640625 0.2986111109375
1 0.5653409093749999 0.44965277812500004 0.5653409093749999 0.421875 0.5639204546875 0.41493055625 0.5596590906250001 0.4166666671875 0.5426136359375 0.4392361109375 0.5454545453125 0.4704861109375 0.5525568187500001 0.4704861109375 0.5653409093749999 0.44965277812500004
1 0.48011363593749995 0.4479166671875 0.48295454531250004 0.4583333328125 0.484375 0.46006944375 0.484375 0.46527777812500004 0.487215909375 0.47569444375 0.487215909375 0.4635416671875 0.48295454531250004 0.4513888890625 0.484375 0.44965277812500004 0.481534090625 0.4375 0.48011363593749995 0.4357638890625 0.48011363593749995 0.43055555625 0.47727272656249997 0.4270833328125 0.47727272656249997 0.4322916671875 0.48011363593749995 0.4392361109375 0.48011363593749995 0.4479166671875
1 0.49431818125 0.5138888890625 0.5014204546875 0.5104166671875 0.5042613640625 0.503472221875 0.5032017046874999 0.50452430625 0.4958082390625 0.501081596875 0.49510369374999996 0.4916145828125 0.49289772656249997 0.49305555625 0.49289772656249997 0.503472221875 0.49147727343750003 0.5052083328125 0.49147727343750003 0.5104166671875 0.49431818125 0.5138888890625
2 0.5454545453125 0.84375 0.5255681812499999 0.8506944437499999 0.5213068187500001 0.8663194437499999 0.5298295453125 0.871527778125 0.5411931812499999 0.862847221875 0.5454545453125 0.84375
2 0.47327840937500004 0.8200173609375 0.4725738640625 0.82432118125 0.47715056875000006 0.8286250000000001 0.48207812499999997 0.8303454859375 0.483487215625 0.82905381875 0.48243039843749996 0.8256111109375001 0.48102272656249995 0.8200173609375 0.4817272734375 0.816144096875 0.48454261406250004 0.8213090281250001 0.4901761359375 0.81915625 0.48735937500000004 0.816144096875 0.48313494375 0.8101197921875001 0.4806704546875 0.8023732640624999 0.471612215625 0.8027638890625 0.47151704531250005 0.808828125 0.4725738640625 0.8135625 0.47327840937500004 0.8200173609375
2 0.49792045468749996 0.49893055625000005 0.501440340625 0.5006510421875 0.5056647734374999 0.501081596875 0.5056647734374999 0.495918403125 0.5056647734374999 0.49204513906249997 0.5049616484375 0.4903229171875 0.5003849437500001 0.48946180625 0.49779687499999997 0.488230903125 0.49792045468749996 0.4916145828125 0.49792045468749996 0.49333506875 0.49756818125 0.49634722187499997 0.49792045468749996 0.49893055625000005
2 0.43468181875 0.777418403125 0.43824573906250003 0.7739947921875 0.44053693125000004 0.76714930625 0.44002698906250004 0.7603020828125 0.4385 0.7575017359375 0.435190340625 0.7590572921875001 0.4275610796875 0.75891493125 0.4267897734375 0.76683680625 0.4293352265625 0.7702604171874999 0.43468181875 0.777418403125
2 0.4728664765625 0.41162326406250005 0.47006676093750005 0.4078888890625 0.468284090625 0.40539930625 0.46777556875000004 0.4050885421875 0.464465909375 0.40851215312500005 0.464465909375 0.4110017359375 0.463955965625 0.41722569375 0.46319318125000003 0.4212708328125 0.46217471562499995 0.423137153125 0.46196875000000004 0.423472221875 0.46802982968749995 0.4200260421875 0.46955681875 0.419715278125 0.47159375 0.41380208281249997 0.4728664765625 0.41162326406250005