3 0.28267045468749996 0.6614583328125 0.28977272656249997 0.6805555562500001 0.296875 0.684027778125 0.30397727343750003 0.7256944437499999 0.33806818125000004 0.7569444437499999 0.3480113640625 0.7482638890625 0.34943181874999996 0.7361111109375 0.32670454531250004 0.6979166671875 0.3167613640625 0.6354166671875 0.27414772656249997 0.543402778125 0.25710227343750003 0.543402778125 0.25568181874999996 0.5607638890625 0.27130681874999996 0.5989583328125 0.26846590937500003 0.6545138890625 0.28267045468749996 0.6614583328125
3 0.29545454531250004 0.527777778125 0.27982954531250004 0.48090277812500004 0.28267045468749996 0.44965277812500004 0.27272727343750003 0.4010416671875 0.25142045468749996 0.36805555624999997 0.2428977265625 0.37152777812500004 0.25142045468749996 0.49131944375 0.265625 0.5381944437499999 0.29403409062499997 0.5451388890625 0.29545454531250004 0.527777778125
3 0.18465909062500002 0.5086805562500001 0.1605113640625 0.4826388890625 0.15340909062500002 0.48784722187499996 0.1477272734375 0.5520833328125 0.171875 0.574652778125 0.1803977265625 0.5555555562500001 0.18465909062500002 0.5086805562500001
3 0.2144886359375 0.597222221875 0.2073863640625 0.590277778125 0.2073863640625 0.574652778125 0.18892045468750002 0.5416666671875 0.18181818125 0.5451388890625 0.17471590937499998 0.5833333328125 0.18892045468750002 0.6006944437499999 0.2102272734375 0.6111111109375 0.2144886359375 0.597222221875
3 0.5142045453125 0.3020833328125 0.5 0.26215277812500004 0.49289772656249997 0.265625 0.487215909375 0.3020833328125 0.5014204546875 0.35069444375000003 0.5099431812499999 0.35243055624999997 0.5142045453125 0.3020833328125
3 0.465909090625 0.36805555624999997 0.47301136406250005 0.37152777812500004 0.46732954531250004 0.3298611109375 0.465909090625 0.36805555624999997
3 0.47443181875 0.28993055624999997 0.46448863593749995 0.20486111093749998 0.455965909375 0.20486111093749998 0.450284090625 0.22916666718749998 0.45170454531250004 0.28819444375000003 0.46022727343750003 0.30902777812500004 0.465909090625 0.3107638890625 0.47443181875 0.28993055624999997
0 0.46448863593749995 0.3107638890625 0.45738636406250005 0.30902777812500004 0.45170454531250004 0.31597222187499996 0.450284090625 0.3298611109375 0.46022727343750003 0.33680555624999997 0.465909090625 0.32465277812500004 0.46448863593749995 0.3107638890625
3 0.5511363640625 0.28125 0.5340909093749999 0.22743055625 0.5255681812499999 0.230902778125 0.5170454546875 0.26215277812500004 0.515625 0.2829861109375 0.5241477265625 0.3298611109375 0.5426136359375 0.35069444375000003 0.5511363640625 0.28125
3 0.8721590906250001 0.3802083328125 0.8636363640625 0.4166666671875 0.8863636359375 0.4375 0.8920454546875 0.2604166671875 0.8835227265625001 0.25868055624999997 0.8792613640625 0.2708333328125 0.8579545453125 0.28993055624999997 0.8565340906250001 0.3020833328125 0.8678977265625001 0.31944444375000003 0.8721590906250001 0.35069444375000003 0.8721590906250001 0.3802083328125
2 0.26097585156249997 0.6750625 0.2614332390625 0.679534721875 0.265549715625 0.6823298609374999 0.26692187500000003 0.683168403125 0.26920880625 0.683168403125 0.26966619375 0.6792552078125 0.26966619375 0.6705885421875 0.27086789843750003 0.66072569375 0.2664644890625 0.657449653125 0.26417755625 0.6663958328125 0.26189062500000004 0.671706596875 0.26097585156249997 0.6750625
2 0.2859019890625 0.6761805562500001 0.2833863640625 0.6784166671875 0.28155681875 0.68149131875 0.2804147734375 0.6842864578125 0.280872159375 0.6868020828125 0.280643465625 0.6901579859375 0.2831576703125 0.6921145828124999 0.28475852343749997 0.6921145828124999 0.28681676093749997 0.6895989578124999 0.2904758515625 0.6881996531250001 0.292762784375 0.68400694375 0.29459232968750004 0.6792552078125 0.2957357953125 0.67114756875 0.29436363593750003 0.666675346875 0.29007244375 0.6676545140625 0.2897897734375 0.66975 0.2881889203125 0.6747829859375 0.2859019890625 0.6761805562500001
2 0.4581235796875 0.2981458328125 0.45634659062500005 0.2953229171875 0.4526178984375 0.29597569375 0.450840909375 0.297277778125 0.45066335156250004 0.299230903125 0.45155255624999996 0.302921875 0.4540383515625 0.3063958328125 0.45634659062500005 0.30921875 0.4583011359375 0.31008680625 0.4625 0.30985243125 0.4666477265625 0.31225868125 0.468424715625 0.3109548609375 0.4625639203125 0.30617881874999997 0.4581235796875 0.2981458328125
1 0.8758196015624999 0.3311736109375 0.8747542609375 0.322706596875 0.87386505625 0.3125017359375 0.8726221593749999 0.3120677078125 0.8726221593749999 0.3183645828125 0.87386505625 0.327699653125 0.87350994375 0.333996528125 0.87350994375 0.33855555625 0.8742215906249999 0.34528472187500003 0.8770625000000001 0.348324653125 0.8841661937499999 0.346371528125 0.8866534093749999 0.34268055625 0.88754119375 0.3337795140625 0.8871860796875 0.32509375 0.8864758515625001 0.31901562499999997 0.8854090906250001 0.312284721875 0.8841661937499999 0.319449653125 0.882390625 0.32509375 0.8793707390625001 0.32921875 0.8758196015624999 0.3311736109375
2 0.87191193125 0.325746528125 0.8731548296874999 0.32618055625000003 0.871875 0.3173177078125 0.868359375 0.3125017359375 0.865518465625 0.314456596875 0.8690710234375001 0.321402778125 0.87191193125 0.325746528125