3 0.6278409093749999 0.7638888890625 0.6349431812499999 0.722222221875 0.6306818187500001 0.659722221875 0.6392045453125 0.6475694437499999 0.6278409093749999 0.597222221875 0.609375 0.5711805562500001 0.6051136359375 0.5329861109375 0.5909090906250001 0.5364583328125 0.5894886359375 0.5685763890625 0.5667613640625 0.609375 0.5610795453125 0.652777778125 0.5738636359375 0.6579861109375 0.5795454546875 0.6701388890625 0.5809659093749999 0.7482638890625 0.5767045453125 0.7881944437499999 0.5639204546875 0.8142361109375 0.5639204546875 0.828125 0.59375 0.8697916671874999 0.5994318187500001 0.8697916671874999 0.6278409093749999 0.7638888890625
3 0.5085227265625 0.28125 0.49289772656249997 0.3298611109375 0.49147727343750003 0.3645833328125 0.5085227265625 0.44965277812500004 0.5028409093749999 0.5086805562500001 0.5071022734375 0.5173611109375 0.5170454546875 0.49652777812500004 0.5184659093749999 0.4479166671875 0.5340909093749999 0.3697916671875 0.5355113640625 0.3298611109375 0.515625 0.2795138890625 0.5085227265625 0.28125
3 0.450284090625 0.2951388890625 0.440340909375 0.30555555624999997 0.434659090625 0.328125 0.43323863593749995 0.359375 0.44886363593749995 0.42881944375 0.47017045468749996 0.390625 0.471590909375 0.3645833328125 0.48011363593749995 0.3489583328125 0.47585227343750003 0.3107638890625 0.465909090625 0.2986111109375 0.45880681875 0.265625 0.450284090625 0.2708333328125 0.450284090625 0.2951388890625
3 0.5 0.512152778125 0.5085227265625 0.5104166671875 0.5042613640625 0.41840277812500004 0.49147727343750003 0.3958333328125 0.48579545468749996 0.3611111109375 0.47585227343750003 0.3611111109375 0.47017045468749996 0.3958333328125 0.45738636406250005 0.4079861109375 0.44886363593749995 0.43055555625 0.44744318125 0.4513888890625 0.46164772656249997 0.4947916671875 0.45738636406250005 0.5416666671875 0.46306818125 0.5729166671875 0.47727272656249997 0.5868055562500001 0.47585227343750003 0.605902778125 0.484375 0.625 0.48863636406250005 0.6180555562500001 0.49289772656249997 0.5335642359375 0.5 0.512152778125
3 0.7997159093749999 0.934027778125 0.7784090906250001 0.9670138890625 0.7741477265625 0.9861111109375 0.7911931812499999 0.9982638890625 0.8522727265625001 0.9982638890625 0.8480113640625 0.9479166671874999 0.8622159093749999 0.9201388890625 0.8622159093749999 0.8854166671874999 0.8423295453125 0.8819444437499999 0.8196022734374999 0.9270833328125001 0.8096590906250001 0.925347221875 0.7997159093749999 0.934027778125
0 0.46599715937499997 0.34680208281249997 0.4647144890625 0.346175346875 0.46266193125 0.345234375 0.45813068125 0.3431701390625 0.458044034375 0.36060243125 0.46060937500000004 0.3627986109375 0.46625426093750005 0.3627986109375 0.46830681875 0.35903472187499996 0.46625426093750005 0.3568385421875 0.4642017046875 0.35558506875 0.46445738593749997 0.3533888890625 0.47164062500000004 0.3533888890625 0.4701022734375 0.34774305625 0.46599715937499997 0.34680208281249997
0 0.47369318125 0.34743055625 0.47651562500000005 0.332375 0.47061505625000005 0.3282986109375 0.46984517031250006 0.33206250000000004 0.4680454546875 0.33481423593750004 0.4677926140625 0.3464895828125 0.470872159375 0.3480572921875 0.47369318125 0.34743055625
2 0.4701022734375 0.3665625 0.47138494375000006 0.3612291671875 0.47078125000000004 0.354871528125 0.4652272734375 0.353703125 0.46804971562500003 0.359347221875 0.4667670453125 0.362484375 0.46548437500000006 0.3631111109375 0.46035369375 0.363425346875 0.46060937500000004 0.36562152812500004 0.46291903437500004 0.3675017359375 0.46548437500000006 0.3684427078125 0.4701022734375 0.3665625
0 0.48940625000000004 0.477581596875 0.49591193125000005 0.4634045140625 0.5007201703125 0.45890798593750004 0.484315340625 0.44507638906249997 0.4821335234375 0.455315971875 0.484315340625 0.45994618125000003 0.4854460234375 0.46444097187500005 0.48657812500000003 0.47066666718750005 0.487143465625 0.4734322921875 0.4814857953125 0.47654513906249996 0.476112215625 0.473777778125 0.46932386406250004 0.47827430625 0.48770880625 0.49418055625 0.48940625000000004 0.477581596875
2 0.48261789843749997 0.4761979171875 0.48629545468749996 0.4734322921875 0.486012784375 0.466515625 0.4840326703125 0.45890798593750004 0.480637784375 0.45821701406250004 0.47667755625 0.45821701406250004 0.47308664843750003 0.46176736093750004 0.47469744374999995 0.47412326406250005 0.48261789843749997 0.4761979171875
2 0.4441491484375 0.3904392359375 0.44782670468749997 0.3894010421875 0.4483920453125 0.38490625 0.4472613640625 0.380409721875 0.44217471562500005 0.371003471875 0.4373607953125 0.37349305625 0.43877556875 0.387671875 0.4441491484375 0.3904392359375
0 0.47021875 0.4385729171875 0.46244744375 0.43686458281249996 0.4591832390625 0.44373090312499996 0.46048153437500006 0.44651041718749995 0.4624289765625 0.44889062500000004 0.46729829531249995 0.44928819375 0.4724914765625 0.44968402812499997 0.4760625 0.448097221875 0.47768465937500004 0.4445260421875 0.47281534062499997 0.44412847187500004 0.47021875 0.4385729171875