0 0.576171875 0.393081596875 0.5809048296875 0.39163715312499997 0.5806676140625 0.382105903125 0.577828125 0.3774826390625 0.5655269890625 0.37459375 0.56103125 0.3731510421875 0.5600852265625 0.37719444375 0.5598480109375 0.3826822921875 0.558502840625 0.3860954859375 0.576171875 0.393081596875
2 0.5551164765625 0.37546180625000003 0.5581917609375 0.37603819375 0.5591392046875 0.37546180625000003 0.56103125 0.3719947921875 0.5598480109375 0.369684028125 0.556299715625 0.369684028125 0.551612215625 0.37123611093750003 0.5525142046875 0.37603819375 0.5551164765625 0.37546180625000003
3 0.5553977265625 0.3923611109375 0.5596590906250001 0.3767361109375 0.5568181812499999 0.3732638890625 0.5411931812499999 0.3802083328125 0.5355113640625 0.3767361109375 0.5269886359375 0.33159722187499996 0.5213068187500001 0.32118055624999997 0.5113636359375 0.3229166671875 0.5042613640625 0.359375 0.5085227265625 0.42534722187499996 0.5170454546875 0.4670138890625 0.5 0.5329861109375 0.5142045453125 0.5486111109375 0.53125 0.5486111109375 0.5340909093749999 0.5381944437499999 0.5241477265625 0.527777778125 0.5355113640625 0.44444444375 0.5355113640625 0.41449652812500004 0.5553977265625 0.3923611109375
2 0.859375 0.7515625 0.8640625 0.7515625 0.8671875 0.7546875 0.8671875 0.765625 0.8625 0.771875 0.859375 0.7703125 0.85625 0.7609375 0.859375 0.753125
2 0.9390625 0.8140625 0.940625 0.8171875 0.9390625 0.83125 0.9359375 0.8296875 0.9375 0.815625
2 0.8875 0.80625 0.89375 0.80625 0.8984375 0.8109375 0.8984375 0.821875 0.890625 0.825 0.8859375 0.8203125 0.8875 0.8078125
2 0.940625 0.8671875 0.9453125 0.8703125 0.9453125 0.878125 0.94375 0.88125 0.9375 0.884375 0.9296875 0.8796875 0.928125 0.8734375 0.934375 0.8671875 0.9390625 0.8671875
2 0.63671875 0.81015625 0.01015625 0.01875
3 0.8579545453125 0.9375 0.8579545453125 0.949652778125 0.8636363640625 0.9513888890625 0.8764204546875 0.9270833328125001 0.8877840906250001 0.8680555562500001 0.9303977265625001 0.784722221875 0.9346590906250001 0.7291666671875 0.92755681875 0.7118055562500001 0.9289772734374999 0.6666666671875 0.9176136359375 0.668402778125 0.91193181875 0.6822916671875 0.8991477265625001 0.684027778125 0.8821022734374999 0.6979166671875 0.8565340906250001 0.753472221875 0.8565340906250001 0.765625 0.8636363640625 0.769097221875 0.8764204546875 0.734375 0.8892045453125 0.75 0.8821022734374999 0.7743055562500001 0.8863636359375 0.8038194437499999 0.875 0.8194444437499999 0.8707386359375 0.840277778125 0.875 0.8680555562500001 0.8579545453125 0.9375
3 0.9801136359375 0.8229166671874999 0.9801136359375 0.75 0.9673295453125 0.7569444437499999 0.9389204546875 0.8038194437499999 0.9261363640625 0.875 0.8977272734374999 0.9583333328125001 0.8821022734374999 0.9756944437499999 0.8821022734374999 0.984375 0.90056818125 0.972222221875 0.9133522734374999 0.9444444437499999 0.92755681875 0.9600694437499999 0.9375 0.9513888890625 0.9460227265625001 0.9131944437499999 0.9801136359375 0.8229166671874999
3 0.6633522734375 0.9548611109375 0.671875 0.9461805562500001 0.6789772734375 0.9236111109375 0.6875 0.8211805562500001 0.6860795453125 0.78125 0.6690340906250001 0.753472221875 0.6605113640625 0.7256944437499999 0.6477272734375 0.7239583328125 0.640625 0.7326388890625 0.640625 0.78125 0.6221590906250001 0.871527778125 0.6051136359375 0.8645833328125001 0.5951704546875 0.8732638890625 0.5951704546875 0.887152778125 0.6036931812499999 0.902777778125 0.6278409093749999 0.921875 0.6221590906250001 0.9583333328125001 0.6122159093749999 0.9704861109375 0.5965909093749999 0.972222221875 0.6008522734375 0.9895833328125001 0.6107954546875 0.9982638890625 0.6534090906250001 0.9982638890625 0.6633522734375 0.9548611109375