3 0.75 0.8177083328125001 0.7414772734375 0.8333333328125001 0.7556818187500001 0.8732638890625 0.75 0.8923611109375 0.7301136359375 0.90625 0.7471590906250001 0.9236111109375 0.7556818187500001 0.918402778125 0.7755681812499999 0.871527778125 0.7954545453125 0.777777778125 0.8053977265625001 0.769097221875 0.8125 0.7743055562500001 0.8252840906250001 0.7274305562500001 0.8267045453125 0.6961805562500001 0.8125 0.6822916671875 0.8139204546875 0.6631944437499999 0.8082386359375 0.6423611109375 0.796875 0.640625 0.7883522734375 0.6475694437499999 0.7798295453125 0.6649305562500001 0.7897727265625 0.6857638890625 0.78125 0.6979166671875 0.7741477265625 0.6944444437499999 0.7613636359375 0.7013888890625 0.7556818187500001 0.7118055562500001 0.7613636359375 0.722222221875 0.7613636359375 0.753472221875 0.7528409093749999 0.777777778125 0.75 0.8177083328125001
2 0.7613636359375 0.722222221875 0.7684659093749999 0.715277778125 0.7684659093749999 0.7048611109375 0.765625 0.7013888890625 0.7613636359375 0.7013888890625 0.7571022734375 0.7048611109375 0.7556818187500001 0.7083333328125 0.7556818187500001 0.7170138890625 0.7571022734375 0.7204861109375 0.7613636359375 0.722222221875
3 0.7357954546875 0.9756944437499999 0.7443181812499999 0.9756944437499999 0.7457386359375 0.9739583328125001 0.75 0.9739583328125001 0.7542613640625 0.9704861109375 0.7599431812499999 0.9704861109375 0.7613636359375 0.972222221875 0.7627840906250001 0.9704861109375 0.7613636359375 0.9444444437499999 0.7542613640625 0.9375 0.7514204546875 0.9375 0.7514204546875 0.9392361109375 0.7329545453125 0.9600694437499999 0.7315340906250001 0.9635416671874999 0.7315340906250001 0.9704861109375 0.7329545453125 0.9739583328125001 0.7357954546875 0.9756944437499999
0 0.765625 0.7430555562500001 0.7727272734375 0.7361111109375 0.7741477265625 0.730902778125 0.7684659093749999 0.7170138890625 0.7642045453125 0.71875 0.7613636359375 0.722222221875 0.7613636359375 0.734375 0.7642045453125 0.7430555562500001 0.765625 0.7430555562500001
3 0.7798295453125 0.9982638890625 0.7826704546875 0.9670138890625 0.8039772734374999 0.9201388890625 0.8210227265625001 0.8368055562500001 0.8167613640625 0.7916666671875 0.80681818125 0.765625 0.7911931812499999 0.7829861109375 0.78125 0.840277778125 0.7514204546875 0.9375 0.7599431812499999 0.9548611109375 0.75 0.9861111109375 0.7514204546875 0.9982638890625 0.7798295453125 0.9982638890625
2 0.7522954546875 0.84080555625 0.7581491484375 0.8404479171875 0.7590724437499999 0.823465278125 0.7558082390624999 0.8243454859374999 0.7522954546875 0.8261354171875 0.7522954546875 0.84080555625
3 0.44832244374999997 0.2926857640625 0.45013494375 0.298418403125 0.46217897656250007 0.3007638890625 0.46164772656249997 0.38368055624999997 0.471590909375 0.3888888890625 0.47727272656249997 0.3802083328125 0.48295454531250004 0.2986111109375 0.47727272656249997 0.25347222187499996 0.465909090625 0.23263888906250002 0.45880681875 0.23611111093749998 0.460153409375 0.2898177078125 0.45525000000000004 0.28890625000000003 0.45109374999999996 0.29020833281249997 0.44832244374999997 0.2926857640625
3 0.47970028437499995 0.3266979171875 0.47925568125 0.362543403125 0.48858522656250003 0.364715278125 0.4845866484375 0.32072395781249996 0.493471590625 0.3109479171875 0.49005681875 0.25 0.48011363593749995 0.22569444375 0.471590909375 0.22048611093749998 0.46875 0.237847221875 0.48011363593749995 0.25868055624999997 0.4854758515625 0.316921875 0.47970028437499995 0.3266979171875
0 0.45160653437500003 0.29078993125 0.45489914843749996 0.287730903125 0.45792755625000003 0.288215278125 0.45950852343750004 0.28789236093750004 0.4593764203125 0.281612846875 0.45713778437499997 0.280324653125 0.45371022656250004 0.2795729171875 0.45002556875 0.28177430625 0.44897301093750003 0.2856388890625 0.44963068125000005 0.28998611093750004 0.45160653437500003 0.29078993125
2 0.44910369375 0.29481597187499997 0.45055255625 0.297875 0.4517386359375 0.2980364578125 0.45424005625 0.2988420140625 0.4576647734375 0.2981979171875 0.459640625 0.2977135421875 0.45722017031249995 0.28965625 0.4539772734375 0.289019096875 0.45055255625 0.2909513890625 0.44897301093750003 0.2915954859375 0.44910369375 0.29481597187499997
1 0.498606534375 0.16596006875 0.50009943125 0.17325694375 0.5023380687500001 0.17325694375 0.5059616484375 0.17221527812499998 0.50724005625 0.1714322921875 0.507346590625 0.1633541671875 0.5057485796875001 0.15775 0.49988636406250003 0.15827256875 0.49892755624999996 0.15566493125 0.49754119374999994 0.14901909687499998 0.49615625 0.14563194375 0.4948764203125 0.1436770828125 0.49466335156249996 0.1436770828125 0.49359801093750005 0.145371528125 0.49828693125 0.15944444375 0.498606534375 0.16596006875