1 0.515625 0.5538194437499999 0.5042613640625 0.5399305562500001 0.48863636406250005 0.5520833328125 0.48863636406250005 0.59375 0.5113636359375 0.5954861109375 0.5170454546875 0.5868055562500001 0.515625 0.5538194437499999
2 0.49573863593749995 0.5225694437499999 0.49431818125 0.5295138890625 0.5042613640625 0.5329861109375 0.5042613640625 0.515625 0.49573863593749995 0.5225694437499999
3 0.44886363593749995 0.29340277812500004 0.453125 0.30555555624999997 0.45880681875 0.359375 0.45454545468749996 0.38368055624999997 0.46306818125 0.38715277812500004 0.47301136406250005 0.37847222187499996 0.46732954531250004 0.328125 0.47443181875 0.3020833328125 0.47585227343750003 0.25694444375000003 0.46306818125 0.22048611093749998 0.453125 0.230902778125 0.45880681875 0.2517361109375 0.45454545468749996 0.26909722187499996 0.43607954531250004 0.28819444375000003 0.44886363593749995 0.29340277812500004
3 0.49431818125 0.534722221875 0.5142045453125 0.550347221875 0.5213068187500001 0.4270833328125 0.5042613640625 0.38194444375000003 0.49573863593749995 0.38194444375000003 0.48863636406250005 0.39756944375000003 0.497159090625 0.42881944375 0.487215909375 0.48090277812500004 0.49431818125 0.5052083328125 0.49431818125 0.534722221875
3 0.30965909062499997 0.9982638890625 0.3082386359375 0.9739583328125001 0.28267045468749996 0.8697916671874999 0.2485795453125 0.855902778125 0.24005681874999998 0.840277778125 0.2230113640625 0.8420138890625 0.2102272734375 0.862847221875 0.2329545453125 0.9079861109375 0.20880681874999998 0.9548611109375 0.221590909375 0.9982638890625 0.30965909062499997 0.9982638890625
2 0.2102272734375 0.949652778125 0.21306818125000002 0.96875 0.2230113640625 0.9548611109375 0.215909090625 0.9461805562500001 0.2102272734375 0.949652778125
3 0.7173295453125 0.9982638890625 0.7514204546875 0.9704861109375 0.7585227265625 0.9079861109375 0.7826704546875 0.9166666671874999 0.7926136359375 0.902777778125 0.8110795453125 0.7864583328125 0.7982954546875 0.7274305562500001 0.80255681875 0.690972221875 0.7926136359375 0.675347221875 0.7769886359375 0.6892361109375 0.7713068187500001 0.71875 0.7329545453125 0.7986111109375 0.7144886359375 0.9774305562500001 0.7045454546875 0.984375 0.7045454546875 0.9982638890625 0.7173295453125 0.9982638890625
2 0.7329545453125 0.796875 0.7315340906250001 0.8142361109375 0.7372159093749999 0.8177083328125001 0.7372159093749999 0.7916666671875 0.7329545453125 0.796875
2 0.7755681812499999 0.902777778125 0.7741477265625 0.9131944437499999 0.7840909093749999 0.9166666671874999 0.7855113640625 0.9114583328125001 0.7755681812499999 0.902777778125
2 0.8678977265625001 0.8802083328125001 0.86505681875 0.8958333328125001 0.8721590906250001 0.9010416671874999 0.8792613640625 0.8802083328125001 0.8678977265625001 0.8802083328125001
2 0.8948863640625 0.9618055562500001 0.8920454546875 0.9791666671874999 0.90625 0.9774305562500001 0.9034090906250001 0.9635416671874999 0.8948863640625 0.9618055562500001
3 0.8991477265625001 0.8958333328125001 0.8948863640625 0.9583333328125001 0.8778409093749999 0.9861111109375 0.8877840906250001 0.9982638890625 0.9232954546875 0.9635416671874999 0.95880681875 0.8836805562500001 0.9673295453125 0.840277778125 0.96306818125 0.777777778125 0.9673295453125 0.7569444437499999 0.9616477265625001 0.7430555562500001 0.9460227265625001 0.75 0.8991477265625001 0.824652778125 0.86505681875 0.8854166671874999 0.86931818125 0.9010416671874999 0.88068181875 0.8854166671874999 0.8991477265625001 0.8958333328125001