3 0.5085227265625 0.8368055562500001 0.497159090625 0.7795138890625 0.484375 0.7586805562500001 0.453125 0.737847221875 0.4375 0.7482638890625 0.434659090625 0.7743055562500001 0.44602272656249997 0.7899305562500001 0.450284090625 0.84375 0.46732954531250004 0.8680555562500001 0.47869318125 0.9461805562500001 0.5085227265625 0.9670138890625 0.515625 0.956597221875 0.5184659093749999 0.925347221875 0.5085227265625 0.890625 0.5085227265625 0.8368055562500001
3 0.1676136359375 0.390625 0.16193181875 0.44965277812500004 0.19034090937499998 0.5295138890625 0.2045454546875 0.5295138890625 0.2102272734375 0.5416666671875 0.2116477265625 0.5260416671875 0.19034090937499998 0.4392361109375 0.1917613640625 0.41840277812500004 0.18465909062500002 0.3958333328125 0.17471590937499998 0.3854166671875 0.1676136359375 0.390625
3 0.8423295453125 0.47569444375 0.8409090906250001 0.5138888890625 0.8451704546875 0.5295138890625 0.8522727265625001 0.53125 0.84943181875 0.4826388890625 0.8423295453125 0.47569444375
3 0.8465909093749999 0.4427083328125 0.8565340906250001 0.44965277812500004 0.859375 0.5138888890625 0.86931818125 0.527777778125 0.8664772734374999 0.46006944375 0.8764204546875 0.3177083328125 0.8721590906250001 0.30034722187499996 0.8565340906250001 0.30555555624999997 0.8451704546875 0.33506944375000003 0.8465909093749999 0.4427083328125
0 0.8607954546875 0.4479166671875 0.8508522734374999 0.4392361109375 0.8423295453125 0.4479166671875 0.83806818125 0.46527777812500004 0.8423295453125 0.47743055625 0.8480113640625 0.47743055625 0.8607954546875 0.4479166671875
1 0.49857954531250004 0.8107638890625 0.5113636359375 0.8385416671874999 0.5255681812499999 0.8298611109375 0.5255681812499999 0.800347221875 0.5 0.7552083328125 0.487215909375 0.7569444437499999 0.47301136406250005 0.7725694437499999 0.47301136406250005 0.8072916671874999 0.49857954531250004 0.8107638890625
2 0.85165056875 0.42624305625 0.8503622156249999 0.42269791718749994 0.8477855109375 0.4238802078125 0.847309659375 0.4262517359375 0.8468196015625 0.43805555625 0.84746306875 0.442387153125 0.8481079546875 0.446324653125 0.854549715625 0.446324653125 0.8584147734375 0.4467170140625 0.85938068125 0.44435590312500006 0.85583806875 0.4408107640625 0.854549715625 0.438449653125 0.8532613640625 0.43214930625000003 0.85165056875 0.42624305625
2 0.47019176093750004 0.8571666671875 0.4691875 0.8462291671875001 0.46500284062499997 0.8478645828125 0.461890625 0.84828819375 0.45946875 0.851246528125 0.459122159375 0.8550520828125 0.4598139203125 0.8588576390625 0.461890625 0.8626631937499999 0.46431107968749996 0.864355903125 0.47019176093750004 0.8609722218750001 0.47019176093750004 0.8571666671875
2 0.4570482953125 0.8329288187499999 0.45408096562500005 0.8321458328125001 0.44933806875000004 0.8339392359375 0.45071590937500006 0.8420173609375 0.45291761406250003 0.8450468750000001 0.455671875 0.8504322921874999 0.4570482953125 0.8477395828125 0.45732386406250003 0.843699653125 0.45814914843750004 0.8399965281249999 0.46035227343749996 0.8383142359375 0.46062784062500006 0.8346111109375001 0.4570482953125 0.8329288187499999
3 0.38352272656249997 0.7395833328125 0.37642045468749996 0.730902778125 0.36505681874999996 0.7743055562500001 0.35369318125000004 0.784722221875 0.3551136359375 0.800347221875 0.37357954531250004 0.8055555562500001 0.409090909375 0.8333333328125001 0.42045454531250004 0.8333333328125001 0.42045454531250004 0.8125 0.40625 0.7951388890625 0.421875 0.7586805562500001 0.40767045468749996 0.730902778125 0.39346590937500003 0.7395833328125 0.38352272656249997 0.7395833328125
2 0.37982244375 0.79621006875 0.3788920453125 0.798371528125 0.3778835234375 0.8054548609375001 0.379627840625 0.8080624999999999 0.3815667609375 0.80877256875 0.382924715625 0.80877256875 0.382924715625 0.8056909718749999 0.3835071015625 0.8021354171875 0.382924715625 0.8000017359375 0.38234375 0.798105903125 0.3809857953125 0.7971579859375 0.37982244375 0.79621006875