3 0.6150568187500001 0.5572916671875 0.61203125 0.55622569375 0.599596590625 0.5645173609375 0.592059659375 0.553921875 0.589421875 0.5350364578125 0.583393465625 0.525362846875 0.5894886359375 0.512152778125 0.59375 0.4739583328125 0.578125 0.4704861109375 0.5653409093749999 0.503472221875 0.5525568187500001 0.5086805562500001 0.5482954546875 0.5260416671875 0.546875 0.59375 0.5553977265625 0.6458333328125 0.5511363640625 0.730902778125 0.5909090906250001 0.7482638890625 0.5951704546875 0.737847221875 0.5880681812499999 0.7326388890625 0.5823863640625 0.706597221875 0.5880681812499999 0.6267361109375 0.6007272734375 0.5958402781250001 0.6150568187500001 0.5572916671875
3 0.49431818125 0.5104166671875 0.48295454531250004 0.47222222187499996 0.471590909375 0.47569444375 0.465909090625 0.5069444437499999 0.455965909375 0.5208333328125 0.44886363593749995 0.546875 0.44602272656249997 0.5729166671875 0.46022727343750003 0.6267361109375 0.46732954531250004 0.6180555562500001 0.465909090625 0.6041666671875 0.47301136406250005 0.5920138890625 0.49857954531250004 0.5954861109375 0.5085227265625 0.6145833328125 0.515625 0.612847221875 0.5042613640625 0.5208333328125 0.49431818125 0.5104166671875
1 0.465909090625 0.6822916671875 0.487215909375 0.6944444437499999 0.49857954531250004 0.6927083328125 0.5085227265625 0.6614583328125 0.5014204546875 0.6006944437499999 0.471590909375 0.5954861109375 0.46164772656249997 0.6319444437499999 0.46022727343750003 0.6614583328125 0.465909090625 0.6822916671875
3 0.7286931812499999 0.753472221875 0.7215909093749999 0.675347221875 0.7116477265625 0.6631944437499999 0.7045454546875 0.6631944437499999 0.6917613640625 0.6857638890625 0.6875 0.7256944437499999 0.6690340906250001 0.78125 0.6647727265625 0.832465278125 0.6548295453125 0.8663194437499999 0.6590909093749999 0.9045138890625 0.6505681812499999 0.921875 0.6434659093749999 0.921875 0.6448863640625 0.940972221875 0.6803977265625 0.9895833328125001 0.6775568187500001 0.9982638890625 0.6988636359375 0.9982638890625 0.7045454546875 0.980902778125 0.6931818187500001 0.965277778125 0.6803977265625 0.9201388890625 0.6875 0.8819444437499999 0.7017045453125 0.859375 0.7286931812499999 0.753472221875
3 0.390625 0.9513888890625 0.39346590937500003 0.996527778125 0.45738636406250005 0.9982638890625 0.45880681875 0.9756944437499999 0.44460227343750003 0.9270833328125001 0.43892045468749996 0.8732638890625 0.42613636406250005 0.8611111109375 0.41335227343750003 0.8611111109375 0.39772727343750003 0.902777778125 0.390625 0.9513888890625
0 0.49289772656249997 0.9479166671874999 0.49573863593749995 0.9166666671874999 0.487215909375 0.8923611109375 0.46164772656249997 0.890625 0.44744318125 0.9149305562500001 0.455965909375 0.9600694437499999 0.47727272656249997 0.9635416671874999 0.49289772656249997 0.9479166671874999
3 0.609375 0.7673611109375 0.6022727265625 0.8107638890625 0.5724431812499999 0.8263888890625 0.5511363640625 0.8888888890625 0.5511363640625 0.9236111109375 0.5639204546875 0.9774305562500001 0.5610795453125 0.996527778125 0.6065340906250001 0.9982638890625 0.6235795453125 0.972222221875 0.6448863640625 0.9079861109375 0.6363636359375 0.777777778125 0.6278409093749999 0.7604166671875 0.6178977265625 0.7569444437499999 0.609375 0.7673611109375
2 0.611278409375 0.55714756875 0.6142926140625 0.5580677078125 0.61730681875 0.5576076390625 0.61730681875 0.5530017359375 0.6169303984375001 0.548394096875 0.6161761359375 0.5474739578125 0.61316193125 0.549315971875 0.6116548296875 0.550237846875 0.6081803984375 0.55096006875 0.611278409375 0.55714756875
0 0.606002840625 0.5589895828125 0.6116548296875 0.555765625 0.61203125 0.5506979171874999 0.609393465625 0.548394096875 0.6056250000000001 0.5511579859375 0.5970298296875 0.557222221875 0.6011036937500001 0.5631354171875 0.606002840625 0.5589895828125
2 0.5173281249999999 0.6110295140625001 0.5167982953125 0.6029392359375 0.50691619375 0.5993125 0.5054133515625 0.598730903125 0.50461931875 0.606175346875 0.50620880625 0.61038194375 0.5059431812499999 0.6136197921875 0.5072670453125 0.6178263890625 0.5091207390625 0.6200920140624999 0.5128267046875 0.6200920140624999 0.516268465625 0.617503471875 0.5173281249999999 0.6110295140625001
2 0.45334375 0.5993125 0.4545823859375 0.607793403125 0.4572301140625 0.6123246531250001 0.4612017046875 0.61264756875 0.46305397656249997 0.612 0.46384943125 0.608440971875 0.46384943125 0.6048802078125 0.46331960156249996 0.5993784718749999 0.45855397656249997 0.5977604171875 0.4553764203125 0.59905555625 0.45334375 0.5993125