3 0.5909090906250001 0.44097222187499996 0.5894886359375 0.42534722187499996 0.5752840906250001 0.4201388890625 0.5653409093749999 0.4357638890625 0.5497159093749999 0.44444444375 0.5454545453125 0.4583333328125 0.5426136359375 0.49652777812500004 0.5511363640625 0.5758107640625 0.5525568187500001 0.6649305562500001 0.5639204546875 0.6822916671875 0.5852272734375 0.675347221875 0.5767045453125 0.6510416671875 0.5838068187500001 0.565972221875 0.59375 0.5486111109375 0.5809659093749999 0.46006944375 0.5909090906250001 0.44097222187499996
3 0.5184659093749999 0.5954861109375 0.5198863640625 0.519097221875 0.5298295453125 0.484375 0.5340909093749999 0.39756944375000003 0.5227272734375 0.37847222187499996 0.5184659093749999 0.35590277812500004 0.5142045453125 0.35069444375000003 0.5042613640625 0.35590277812500004 0.48295454531250004 0.42534722187499996 0.484375 0.4392361109375 0.49147727343750003 0.44618055625 0.49005681875 0.47569444375 0.5042613640625 0.5381944437499999 0.5 0.5711805562500001 0.5085227265625 0.5850694437499999 0.5028409093749999 0.5989583328125 0.5071022734375 0.6111111109375 0.5184659093749999 0.5954861109375
3 0.47585227343750003 0.4427083328125 0.48011363593749995 0.41493055625 0.487215909375 0.41493055625 0.49147727343750003 0.4045138890625 0.49857954531250004 0.34722222187499996 0.5042613640625 0.3420138890625 0.487215909375 0.27430555624999997 0.47869318125 0.2829861109375 0.46732954531250004 0.3263888890625 0.47585227343750003 0.4427083328125
3 0.247159090625 0.715277778125 0.2485795453125 0.6857638890625 0.237215909375 0.6631944437499999 0.2272727265625 0.6666666671875 0.21875 0.6892361109375 0.221590909375 0.7118055562500001 0.21306818125000002 0.71875 0.2073863640625 0.7361111109375 0.2073863640625 0.765625 0.2201704546875 0.8229166671874999 0.237215909375 0.8663194437499999 0.25 0.9357638890625 0.27840909062499997 0.949652778125 0.28693181874999996 0.934027778125 0.27414772656249997 0.8732638890625 0.27130681874999996 0.7986111109375 0.27982954531250004 0.765625 0.247159090625 0.715277778125
3 0.5426136359375 0.7916666671875 0.5198863640625 0.75 0.5227272734375 0.7239583328125 0.5127840906250001 0.703125 0.49289772656249997 0.6979166671875 0.48295454531250004 0.7100694437499999 0.48011363593749995 0.75 0.46875 0.7586805562500001 0.46164772656249997 0.777777778125 0.46022727343750003 0.84375 0.465909090625 0.878472221875 0.46164772656249997 0.9375 0.46732954531250004 0.9982638890625 0.5255681812499999 0.9982638890625 0.5284090906250001 0.9756944437499999 0.5227272734375 0.9114583328125001 0.5454545453125 0.8663194437499999 0.5482954546875 0.8194444437499999 0.5426136359375 0.7916666671875
3 0 0.8420138890625 0.0056818187499999995 0.8385416671874999 0.012784090625 0.8489583328125001 0.02556818125 0.8958333328125001 0.034090909375 0.902777778125 0.058238635937500005 0.9513888890625 0.0710227265625 0.9930555562500001 0.0852272734375 0.9982638890625 0.0894886359375 0.9861111109375 0.0667613640625 0.9270833328125001 0.0397727265625 0.765625 0.0042613640625 0.7395833328125 0 0.7395833328125 0 0.8420138890625
0 0.4840071015625 0.428050346875 0.4840071015625 0.431828125 0.4931732953125 0.434434028125 0.49381250000000004 0.4302638890625 0.494453125 0.42791840312499996 0.489762784375 0.4238802078125 0.4843267046875 0.421144096875 0.4800170453125 0.4184791671875 0.47914630625 0.4218958328125 0.4840071015625 0.428050346875
2 0.5046875 0.8984375 0.5109375 0.9078125 0.4921875 0.928125 0.484375 0.928125 0.4828125 0.925 0.4828125 0.921875 0.4875 0.91875 0.4859375 0.903125 0.490625 0.9 0.503125 0.8984375
2 0.4921875 0.4421875 0.49375 0.4359375 0.5 0.43125 0.5046875 0.4359375 0.5046875 0.4453125 0.496875 0.446875 0.49375 0.44375
2 0.4984375 0.3328125 0.5046875 0.3375 0.5046875 0.3453125 0.5015625 0.346875 0.496875 0.3453125 0.4953125 0.340625 0.496875 0.334375
2 0.4734375 0.8859375 0.4796875 0.890625 0.4875 0.9046875 0.4859375 0.9171875 0.4828125 0.9234375 0.46875 0.9140625 0.46875 0.8875 0.471875 0.8859375