2 0.20625 0.5265625 0.2109375 0.5296875 0.2109375 0.534375 0.2015625 0.540625 0.196875 0.5390625 0.196875 0.534375 0.2046875 0.5265625
2 0.63359375 0.465625 0.01171875 0.03125
3 0.24005681874999998 0.925347221875 0.25 0.9357638890625 0.25994318125000004 0.909722221875 0.2613636359375 0.847222221875 0.237215909375 0.828125 0.2230113640625 0.824652778125 0.20880681874999998 0.8350694437499999 0.2045454546875 0.8506944437499999 0.2017045453125 0.8854166671874999 0.21306818125000002 0.909722221875 0.22443181874999998 0.925347221875 0.24005681874999998 0.925347221875
2 0.23125 0.9109375 0.2359375 0.9203125 0.234375 0.925 0.23125 0.9265625 0.2265625 0.925 0.2265625 0.9125 0.2296875 0.9109375
2 0.2625 0.9125 0.2703125 0.915625 0.275 0.921875 0.271875 0.9328125 0.26875 0.9359375 0.2609375 0.934375 0.2578125 0.9234375 0.2609375 0.9140625
2 0.5765625 0.3625 0.5828125 0.3640625 0.58125 0.3703125 0.575 0.3703125 0.5765625 0.3640625
3 0.59375 0.6892361109375 0.6008522734375 0.6788194437499999 0.5965909093749999 0.6631944437499999 0.6122159093749999 0.574652778125 0.6150568187500001 0.5225694437499999 0.6292613640625 0.5069444437499999 0.6363636359375 0.45659722187499996 0.6321022734375 0.45659722187499996 0.625 0.4826388890625 0.609375 0.4791666671875 0.6036931812499999 0.47222222187499996 0.6065340906250001 0.4270833328125 0.5951704546875 0.41840277812500004 0.5852272734375 0.4322916671875 0.5767045453125 0.47743055625 0.5752840906250001 0.621527778125 0.5667613640625 0.6701388890625 0.5809659093749999 0.6857638890625 0.59375 0.6892361109375
3 0.5525568187500001 0.46180555625 0.5454545453125 0.43836805625 0.5482954546875 0.3888888890625 0.5795454546875 0.36631944375000003 0.5639204546875 0.33506944375000003 0.5681818187500001 0.2916666671875 0.5639204546875 0.2760416671875 0.5397727265625 0.2916666671875 0.5269886359375 0.3420138890625 0.5284090906250001 0.3854166671875 0.5213068187500001 0.453125 0.546875 0.46527777812500004 0.5525568187500001 0.46180555625
3 0.17329545468750002 0.7083333328125 0.17471590937499998 0.7361111109375 0.1875 0.746527778125 0.18465909062500002 0.5885416671875 0.17755681875 0.559027778125 0.1946022734375 0.534722221875 0.15482954531249998 0.47309027812500004 0.15340909062500002 0.45659722187499996 0.14204545468750002 0.4513888890625 0.1363636359375 0.4583333328125 0.13920454531249998 0.484375 0.1292613640625 0.5208333328125 0.14630681875 0.6145833328125 0.17329545468750002 0.7083333328125
3 0.27130681874999996 0.9166666671874999 0.25852272656249997 0.9166666671874999 0.25994318125000004 0.934027778125 0.29545454531250004 0.9704861109375 0.3011363640625 0.9982638890625 0.3636363640625 0.9982638890625 0.3636363640625 0.9774305562500001 0.34090909062499997 0.9305555562500001 0.33522727343750003 0.871527778125 0.32102272656249997 0.8541666671874999 0.30681818125000004 0.8038194437499999 0.28267045468749996 0.7725694437499999 0.27130681874999996 0.7673611109375 0.26278409062499997 0.7743055562500001 0.25994318125000004 0.7916666671875 0.26704545468749996 0.8177083328125001 0.265625 0.84375 0.2855113640625 0.8975694437499999 0.27130681874999996 0.9166666671874999
3 0.41193181875 0.9600694437499999 0.39204545468749996 0.9131944437499999 0.37784090937500003 0.9131944437499999 0.36931818125000004 0.925347221875 0.36789772656249997 0.9982638890625 0.44176136406250005 0.9982638890625 0.424715909375 0.9670138890625 0.41193181875 0.9600694437499999