3 0.5099431812499999 0.7291666671875 0.5099431812499999 0.715277778125 0.49431818125 0.6770833328125 0.48011363593749995 0.6649305562500001 0.48295454531250004 0.6267361109375 0.47443181875 0.6076388890625 0.455965909375 0.6145833328125 0.45454545468749996 0.6614583328125 0.434659090625 0.6649305562500001 0.41761363593749995 0.706597221875 0.41761363593749995 0.71875 0.4375 0.7430555562500001 0.43892045468749996 0.7725694437499999 0.46164772656249997 0.8732638890625 0.45454545468749996 0.9131944437499999 0.46306818125 0.9201388890625 0.47301136406250005 0.90625 0.48295454531250004 0.862847221875 0.49573863593749995 0.753472221875 0.5099431812499999 0.7291666671875
3 0.46732954531250004 0.3888888890625 0.47443181875 0.390625 0.47727272656249997 0.38368055624999997 0.48579545468749996 0.38368055624999997 0.48863636406250005 0.3732638890625 0.49005681875 0.2795138890625 0.48863636406250005 0.2638888890625 0.47585227343750003 0.24131944375 0.465909090625 0.24131944375 0.46732954531250004 0.3888888890625
3 0.5710227265625 0.637152778125 0.5809659093749999 0.4826388890625 0.5795454546875 0.4357638890625 0.5681818187500001 0.38715277812500004 0.5610795453125 0.3802083328125 0.5454545453125 0.3923611109375 0.5525568187500001 0.4479166671875 0.5369318187500001 0.49305555625 0.5454545453125 0.5243055562500001 0.5397727265625 0.5763888890625 0.5454545453125 0.5989583328125 0.5397727265625 0.621527778125 0.53125 0.6232638890625 0.5284090906250001 0.6319444437499999 0.5411931812499999 0.637152778125 0.5525568187500001 0.6545138890625 0.5610795453125 0.6545138890625 0.5710227265625 0.637152778125
3 0.2301136359375 0.9635416671874999 0.2144886359375 0.9131944437499999 0.2173295453125 0.878472221875 0.21306818125000002 0.862847221875 0.200284090625 0.84375 0.1761363640625 0.7760416671875 0.15625 0.746527778125 0.14204545468750002 0.7361111109375 0.1321022734375 0.7552083328125 0.140625 0.8072916671874999 0.13068181875 0.8229166671874999 0.14630681875 0.847222221875 0.15340909062500002 0.887152778125 0.1321022734375 0.8975694437499999 0.1292613640625 0.9079861109375 0.17755681875 0.9322916671874999 0.203125 0.9982638890625 0.2329545453125 0.9982638890625 0.2301136359375 0.9635416671874999
1 0.1515625 0.8203125 0.165625 0.8265625 0.18125 0.8453125 0.1875 0.8453125 0.19375 0.8375 0.196875 0.8375 0.2171875 0.8703125 0.2171875 0.8890625 0.2109375 0.9078125 0.20625 0.9109375 0.1984375 0.909375 0.190625 0.8984375 0.1859375 0.85625 0.171875 0.84375 0.171875 0.840625 0.159375 0.8265625 0.1515625 0.821875
1 0.0234375 0.809375 0.028125 0.8109375 0.0296875 0.8203125 0.0359375 0.834375 0.0390625 0.8515625 0.0390625 0.8671875 0.0328125 0.878125 0.0203125 0.8625 0.01875 0.8484375 0.0234375 0.825 0.0234375 0.8109375
1 0.0265625 0.684375 0.0296875 0.703125 0.0375 0.7171875 0.0421875 0.7421875 0.0453125 0.746875 0.05 0.784375 0.0453125 0.7890625 0.0328125 0.79375 0.0234375 0.79375 0.021875 0.790625 0.021875 0.771875 0.0140625 0.7375 0.015625 0.721875 0.0125 0.7140625 0.0140625 0.709375 0.0109375 0.696875 0.025 0.6859375
2 0.54609375 0.5 0.015625 0.02109375
2 0.4390625 0.6640625 0.440625 0.665625 0.4390625 0.6734375 0.4328125 0.6796875 0.428125 0.678125 0.43125 0.66875 0.4375 0.6640625
2 0.134375 0.890625 0.1359375 0.9109375 0.13125 0.9140625 0.1265625 0.909375 0.1265625 0.896875 0.128125 0.890625 0.1296875 0.8890625 0.1328125 0.890625
2 0.490625 0.6765625 0.4984375 0.678125 0.4984375 0.6921875 0.490625 0.678125
2 0.125 0.815625 0.1328125 0.8171875 0.1328125 0.825 0.128125 0.8296875 0.121875 0.828125 0.125 0.8171875
0 0.54113494375 0.490440971875 0.5423678984375 0.4909427078125 0.5464772734375 0.490105903125 0.54990056875 0.490440971875 0.5510795453124999 0.4904322921875 0.551544034375 0.4859201390625 0.5505852265625 0.4829045140625 0.54990056875 0.4797239578125 0.5486676140625 0.47788194375000004 0.5445596593750001 0.47788194375000004 0.5425042609374999 0.479890625 0.541409090625 0.4817326390625 0.541409090625 0.485081596875 0.54127130625 0.48843055625 0.54113494375 0.490440971875
0 0.5401761359374999 0.48257118125 0.5378480109375 0.4817326390625 0.5371633515625 0.48424479218750005 0.53236931875 0.49144618125 0.534012784375 0.495296875 0.5353821015625 0.4974739578125 0.5360667609374999 0.5008229171874999 0.5426420453125 0.5137170140625 0.5434133515624999 0.5109565968750001 0.54209375 0.5085260421875 0.539080965625 0.502831596875 0.5377102265625 0.49914756875000005 0.53894318125 0.495296875 0.5409985796875 0.49462673593749995 0.540450284375 0.49027256875 0.54113494375 0.48809722187500004 0.540450284375 0.48525 0.5401761359374999 0.48257118125