3 0.5965909093749999 0.7569444437499999 0.6122159093749999 0.7673611109375 0.6221590906250001 0.71875 0.6349431812499999 0.6979166671875 0.6491477265625 0.640625 0.6477272734375 0.5885416671875 0.6335227265625 0.5243055562500001 0.6207386359375 0.5243055562500001 0.5880681812499999 0.6163194437499999 0.5965909093749999 0.7569444437499999
3 0.5028409093749999 0.9236111109375 0.49005681875 0.934027778125 0.481534090625 0.9270833328125001 0.47727272656249997 0.9375 0.46875 0.9982638890625 0.5426136359375 0.9982638890625 0.5553977265625 0.9288194437499999 0.5497159093749999 0.9166666671874999 0.5326704546875 0.90625 0.5383522734375 0.8680555562500001 0.5213068187500001 0.84375 0.5071022734375 0.84375 0.497159090625 0.859375 0.5028409093749999 0.9236111109375
3 0.6676136359375 0.8350694437499999 0.6477272734375 0.8368055562500001 0.6377840906250001 0.8541666671874999 0.6377840906250001 0.9010416671874999 0.609375 0.9166666671874999 0.6008522734375 0.90625 0.5923295453125 0.9357638890625 0.5909090906250001 0.9774305562500001 0.6036931812499999 0.9982638890625 0.671875 0.9982638890625 0.6747159093749999 0.980902778125 0.6917613640625 0.9583333328125001 0.6931818187500001 0.9392361109375 0.6889204546875 0.918402778125 0.6761363640625 0.8975694437499999 0.6803977265625 0.871527778125 0.6676136359375 0.8350694437499999
3 0.46448863593749995 0.34375 0.45738636406250005 0.35590277812500004 0.453125 0.49305555625 0.455965909375 0.621527778125 0.46164772656249997 0.6232638890625 0.484375 0.6006944437499999 0.49005681875 0.5486111109375 0.487215909375 0.503472221875 0.49573863593749995 0.47222222187499996 0.49573863593749995 0.39756944375000003 0.471590909375 0.34375 0.46448863593749995 0.34375
3 0.6008522734375 0.5138888890625 0.5894886359375 0.49652777812500004 0.5923295453125 0.46006944375 0.5880681812499999 0.4513888890625 0.5738636359375 0.4548611109375 0.5738636359375 0.4861111109375 0.5667613640625 0.5017361109375 0.5539772734375 0.5069444437499999 0.5426136359375 0.5243055562500001 0.5326704546875 0.5520833328125 0.5326704546875 0.5694444437499999 0.5497159093749999 0.652777778125 0.5497159093749999 0.7395833328125 0.5454545453125 0.7552083328125 0.5681818187500001 0.7586805562500001 0.5767045453125 0.7413194437499999 0.5894886359375 0.6006944437499999 0.6079545453125 0.565972221875 0.6008522734375 0.5138888890625
3 0.53125 0.19444444375 0.5241477265625 0.203125 0.5170454546875 0.222222221875 0.5170454546875 0.2673611109375 0.5227272734375 0.28472222187499996 0.5184659093749999 0.34722222187499996 0.5284090906250001 0.3576388890625 0.5269886359375 0.3177083328125 0.5397727265625 0.25694444375000003 0.5326704546875 0.21701388906250002 0.5355113640625 0.1979166671875 0.53125 0.19444444375
3 0.487215909375 0.25694444375000003 0.497159090625 0.35069444375000003 0.49431818125 0.36284722187499996 0.5056818187500001 0.3645833328125 0.5028409093749999 0.296875 0.5113636359375 0.2829861109375 0.5099431812499999 0.22395833281250002 0.497159090625 0.19444444375 0.49005681875 0.203125 0.487215909375 0.25694444375000003
3 0.487215909375 0.25868055624999997 0.47869318125 0.234375 0.465909090625 0.22569444375 0.46875 0.34375 0.47301136406250005 0.3645833328125 0.487215909375 0.37152777812500004 0.487215909375 0.25868055624999997
3 0.17755681875 0.46875 0.1917613640625 0.5555555562500001 0.2144886359375 0.5625 0.21306818125000002 0.46527777812500004 0.2173295453125 0.44618055625 0.2144886359375 0.4375 0.18892045468750002 0.4375 0.18181818125 0.4236111109375 0.17755681875 0.4270833328125 0.17755681875 0.46875
2 0.21032244375000003 0.5579357640625 0.2170269890625 0.55541319375 0.21805823906250002 0.5522604171875 0.21599573906249997 0.54658680625 0.21135369375000002 0.54091319375 0.20622869375000003 0.5473420140624999 0.2051647734375 0.556043403125 0.21032244375000003 0.5579357640625
2 0.5970980109374999 0.9215329859375 0.6017400562499999 0.923425346875 0.60999005625 0.923425346875 0.61102130625 0.9171215281249999 0.6079275562500001 0.9127083328125 0.60483380625 0.9064045140625 0.600125 0.9087916671875 0.5976136359375 0.9177517359375 0.5970980109374999 0.9215329859375
2 0.4794360796875 0.9353576390624999 0.47801420468750005 0.9375295140625 0.47730397656249995 0.9405677078125001 0.47730397656249995 0.9431736109375001 0.47783664843749996 0.944909721875 0.47872443125 0.945996528125 0.48050142031250004 0.9477326390625 0.48742755625 0.94252256875 0.49044744375000004 0.9394826390625 0.49293323906250003 0.936659721875 0.490268465625 0.9344895828125 0.48796022656250004 0.93210069375 0.486184659375 0.9303645828124999 0.48369744375 0.9299305562500001 0.481034090625 0.93014756875 0.47925852343750003 0.931449653125 0.4794360796875 0.9353576390624999
2 0.4599616484375 0.4930017359375 0.46040198906249996 0.4889583328125 0.4570951703125 0.4878802078125 0.454012784375 0.4856770828125 0.45356818125 0.48922916718750004 0.4540085234375 0.4940798609375 0.4540085234375 0.49785243125 0.45423011406249997 0.5005468750000001 0.45511079531250004 0.5035104171875 0.4570951703125 0.50324131875 0.45863920468749997 0.501894096875 0.458859375 0.495965278125 0.4599616484375 0.4930017359375