0 0.438671875 0.43958333281249995 0.44453125 0.44236111093749997 0.452734375 0.43958333281249995 0.45234375 0.43194444374999996 0.449609375 0.4270833328125 0.4390625 0.42569444375 0.436328125 0.428472221875 0.4359375 0.43541666718750005 0.438671875 0.43958333281249995
1 0.535546875 0.38680555625 0.526953125 0.36805555624999997 0.522265625 0.36805555624999997 0.521875 0.38125 0.523828125 0.38680555625 0.52890625 0.3895833328125 0.535546875 0.38680555625
3 0.49765625 0.3451388890625 0.501171875 0.3458333328125 0.502734375 0.334027778125 0.501953125 0.272222221875 0.5046875 0.2513888890625 0.504296875 0.20972222187499998 0.501953125 0.20208333281250002 0.494921875 0.19930555625 0.49296875 0.20277777812500003 0.491796875 0.215277778125 0.483203125 0.240277778125 0.48125 0.259722221875 0.48125 0.2791666671875 0.48359375 0.2888888890625 0.48828125 0.29375 0.490234375 0.30416666718749996 0.48828125 0.30555555624999997 0.487890625 0.3104166671875 0.490625 0.3145833328125 0.494921875 0.31597222187499996 0.496484375 0.32083333281250004 0.49765625 0.3451388890625
3 0.46015625 0.1625 0.45390625 0.16319444375 0.45078125 0.17361111093749998 0.44609375 0.178472221875 0.4390625 0.196527778125 0.438671875 0.2076388890625 0.442578125 0.215277778125 0.46015625 0.215277778125 0.4671875 0.22291666718749997 0.472265625 0.2104166671875 0.472265625 0.20208333281250002 0.46796875 0.1826388890625 0.46328125 0.175 0.462890625 0.16805555625 0.46015625 0.1625
3 0.895703125 0.8604166671875 0.887109375 0.859027778125 0.879296875 0.8611111109375 0.87109375 0.8826388890624999 0.814453125 0.9951388890624999 0.813671875 0.9993055562500001 0.890234375 0.9993055562500001 0.89765625 0.9708333328125001 0.8984375 0.9425000000000001 0.897265625 0.921527778125 0.9 0.9111111109375001 0.9046875 0.9076388890624999 0.9078125 0.90069444375 0.9078125 0.8847222218749999 0.895703125 0.8604166671875
3 0.01875 0.86319444375 0.02578125 0.8680555562500001 0.027734375 0.86180555625 0.0328125 0.8576388890625 0.036328125 0.8729166671874999 0.040625 0.8798611109375001 0.049609375 0.9041666671874999 0.0609375 0.9131944437499999 0.07421875 0.946527778125 0.09375 0.9770833328125 0.094921875 0.98125 0.09296875 0.9902777781250001 0.094140625 0.9958333328125001 0.096875 0.9993055562500001 0.1125 0.9993055562500001 0.116015625 0.9951388890624999 0.116015625 0.9826388890625 0.109765625 0.9590277781250001 0.09765625 0.925 0.087890625 0.909027778125 0.0921875 0.90069444375 0.089453125 0.8923611109375 0.08828125 0.872222221875 0.083203125 0.85 0.07109375 0.8173611109375001 0.069140625 0.81805555625 0.0625 0.8104166671874999 0.054296875 0.7833333328125 0.039453125 0.7541666671875 0.01953125 0.7416666671875001 0.012109375 0.740972221875 0.00859375 0.7479166671875 0.008203125 0.76180555625 0.010546875 0.7798611109375 0.0171875 0.80625 0.015625 0.8208333328125 0.0109375 0.827777778125 0.015625 0.83194444375 0.018359375 0.83819444375 0.019140625 0.8458333328125001 0.017578125 0.85694444375 0.01875 0.86319444375
3 0.45546875 0.45416666718750004 0.453125 0.4888888890625 0.45703125 0.49513888906250003 0.462109375 0.522222221875 0.47890625 0.52569444375 0.480859375 0.5243055562500001 0.480859375 0.5138888890625 0.483203125 0.50555555625 0.489453125 0.49791666718750005 0.488671875 0.4 0.4859375 0.37986111093749997 0.48125 0.36944444375 0.477734375 0.352777778125 0.4796875 0.346527778125 0.4796875 0.3375 0.47734375 0.3291666671875 0.469140625 0.32430555625 0.46484375 0.3263888890625 0.4609375 0.334027778125 0.45859375 0.34930555625 0.463671875 0.3729166671875 0.459375 0.3854166671875 0.455859375 0.4201388890625 0.45 0.428472221875 0.4390625 0.4270833328125 0.43671875 0.43194444374999996 0.439453125 0.4388888890625 0.4546875 0.44375 0.45546875 0.45416666718750004
3 0.546484375 0.48680555625000005 0.544140625 0.4770833328125 0.542578125 0.4513888890625 0.54375 0.42222222187499997 0.547265625 0.40416666718750005 0.545703125 0.37986111093749997 0.5484375 0.36666666718749996 0.54765625 0.34722222187499996 0.54921875 0.33125 0.5421875 0.3013888890625 0.541796875 0.2888888890625 0.538671875 0.2791666671875 0.5328125 0.27638888906250003 0.52578125 0.28194444375 0.521484375 0.29652777812500003 0.519140625 0.32083333281250004 0.5203125 0.340509028125 0.517578125 0.38333333281250004 0.5203125 0.3986111109375 0.519921875 0.43680555625000006 0.522265625 0.471527778125 0.526171875 0.4798611109375 0.53203125 0.4798611109375 0.539453125 0.4895833328125 0.545703125 0.490972221875 0.546484375 0.48680555625000005
2 0.47040156250000004 0.5070625 0.47281210937499996 0.50645 0.47487890625 0.50400069375 0.47832304687500005 0.5009381937499999 0.473845703125 0.4997138890625 0.46801015625 0.49693333281249996 0.46764609375 0.505225 0.47040156250000004 0.5070625
2 0.54307265625 0.3723333328125 0.539905859375 0.3666708328125 0.53721796875 0.36927152812499997 0.535840234375 0.3717208328125 0.53480703125 0.3753951390625 0.5344625 0.3778451390625 0.5354957031249999 0.38213194375000004 0.5379066406249999 0.38090694375 0.539628515625 0.37845763906249996 0.54307265625 0.3741708328125 0.54307265625 0.3723333328125
2 0.535840234375 0.38948055625 0.536184375 0.3931548609375 0.540662109375 0.3949923609375 0.542728515625 0.3949923609375 0.5434171875 0.39254305624999997 0.54376171875 0.39009305625 0.54135078125 0.38703125 0.540317578125 0.38519375 0.535773828125 0.38576944375 0.535840234375 0.38948055625
2 0.501054296875 0.240665971875 0.5013988281249999 0.244340278125 0.503120703125 0.246177778125 0.505187109375 0.243115971875 0.505531640625 0.23637916718750002 0.505187109375 0.23331736093750002 0.503120703125 0.22903055625 0.500709765625 0.2308673609375 0.49996367187499996 0.2295520828125 0.501054296875 0.240665971875
2 0.46388359375 0.220827778125 0.463955078125 0.22223125000000002 0.464816015625 0.22223125000000002 0.4659640625 0.222359028125 0.46703984375 0.22184861093750002 0.467757421875 0.22095555625 0.468259375 0.219297221875 0.46833125000000003 0.21725625 0.46797265625 0.21610833281250003 0.46689648437500003 0.21470555624999998 0.465748828125 0.213940278125 0.46338125 0.21381250000000002 0.46130078125 0.21397361093749998 0.460798828125 0.2148326390625 0.4608703125 0.2162361109375 0.46144453125 0.2163638890625 0.46216171875 0.21649097187500002 0.46302265625 0.21661875 0.463237890625 0.2170013890625 0.46338125 0.2189145828125 0.463668359375 0.22044513906250002 0.46388359375 0.220827778125
3 0 0.727777778125 0.00703125 0.7284722218749999 0.015234375 0.7375 0.025 0.740972221875 0.0328125 0.7541666671875 0.033984375 0.7513888890625 0.040625 0.7513888890625 0.045703125 0.765972221875 0.056640625 0.7861111109375 0.05859375 0.796527778125 0.063671875 0.8055555562500001 0.0640625 0.8104166671874999 0.065625 0.809027778125 0.07421875 0.8236111109375001 0.0796875 0.8229166671874999 0.080859375 0.8208333328125 0.08046875 0.809722221875 0.078515625 0.790277778125 0.065234375 0.7479166671875 0.048828125 0.72430555625 0.032421875 0.7041666671875 0.021875 0.696527778125 0.015625 0.6861111109375 0.008984375 0.6888888890625 0.008203125 0.6958333328124999 0 0.7 0 0.727777778125
2 0.0770046875 0.8068798609375 0.072621875 0.80713194375 0.07175000000000001 0.8143541671875001 0.07175000000000001 0.82108194375 0.07385195312500001 0.8218291671875001 0.0753234375 0.8244451390625 0.07889648437499999 0.8244451390625 0.080157421875 0.8192131937499999 0.080787890625 0.8132333328125 0.079947265625 0.8068798609375 0.0770046875 0.8068798609375