3 0.8678977265625001 0.9895833328125001 0.8551136359375 0.9982638890625 0.9190340906250001 0.9982638890625 0.9375 0.9756944437499999 0.95880681875 0.887152778125 0.9659090906250001 0.8177083328125001 0.9616477265625001 0.7899305562500001 0.9460227265625001 0.7986111109375 0.9204545453125 0.862847221875 0.9076704546875 0.8680555562500001 0.9147727265625001 0.8819444437499999 0.8991477265625001 0.90625 0.8892045453125 0.9479166671874999 0.8678977265625001 0.9895833328125001
3 0.5284090906250001 0.8211805562500001 0.5326704546875 0.7395833328125 0.5482954546875 0.6927083328125 0.5511363640625 0.6649305562500001 0.5326704546875 0.5677083328125 0.5184659093749999 0.5729166671875 0.5184659093749999 0.6006944437499999 0.5 0.6458333328125 0.5014204546875 0.7881944437499999 0.5071022734375 0.809027778125 0.5184659093749999 0.8072916671874999 0.5284090906250001 0.8211805562500001
3 0.5767045453125 0.9635416671874999 0.5838068187500001 0.934027778125 0.5923295453125 0.921875 0.5909090906250001 0.902777778125 0.6079545453125 0.890625 0.6164772734375 0.8611111109375 0.6264204546875 0.8611111109375 0.6349431812499999 0.894097221875 0.640625 0.9045138890625 0.6477272734375 0.9045138890625 0.6292613640625 0.784722221875 0.609375 0.7482638890625 0.6107954546875 0.7291666671875 0.6022727265625 0.715277778125 0.5880681812499999 0.71875 0.5809659093749999 0.7552083328125 0.5596590906250001 0.7743055562500001 0.5454545453125 0.8107638890625 0.5440340906250001 0.855902778125 0.5582386359375 0.996527778125 0.5752840906250001 0.9982638890625 0.5767045453125 0.9635416671874999
3 0.48863636406250005 0.9641197921875 0.49147727343750003 0.9947916671874999 0.5056818187500001 0.9982638890625 0.497159090625 0.921875 0.49857954531250004 0.8611111109375 0.5170454546875 0.862847221875 0.5227272734375 0.8802083328125001 0.5355113640625 0.875 0.5355113640625 0.859375 0.5198863640625 0.8454861109375 0.49147727343750003 0.7725694437499999 0.49857954531250004 0.7447916671875 0.49431818125 0.7326388890625 0.47301136406250005 0.7291666671875 0.465909090625 0.7361111109375 0.465909090625 0.7829861109375 0.45738636406250005 0.7986111109375 0.44886363593749995 0.8420138890625 0.44886363593749995 0.894097221875 0.47017045468749996 0.918402778125 0.47017045468749996 0.9444444437499999 0.48863636406250005 0.9641197921875
2 0.5258267046875 0.7283454859375 0.5318323859375 0.7210017359374999 0.5327556812500001 0.71309375 0.5258267046875 0.7051875 0.5190539765625 0.7008107640625 0.51566193125 0.7102708328125 0.51889630625 0.7193072921875 0.5258267046875 0.7283454859375
0 0.5313707390625 0.6989739578124999 0.5262883515625 0.6905017359375 0.5227485796875 0.696296875 0.5336803984375 0.7170486109375 0.5406107953125 0.7164826390625 0.54245880625 0.71309375 0.5313707390625 0.6989739578124999
2 0.5429204546874999 0.7034930562499999 0.536909090625 0.6970486109375 0.5350667609374999 0.7029270828125 0.5369147734374999 0.70688194375 0.5406107953125 0.7091406250000001 0.5429204546874999 0.7034930562499999
2 0.58034375 0.9229791671875001 0.585887784375 0.919590278125 0.588659090625 0.9150711812500001 0.5900454546875 0.91111805625 0.578778409375 0.8972274312499999 0.56786931875 0.90321006875 0.57110369375 0.9190260421875 0.5729517046875 0.92636805625 0.58034375 0.9229791671875001
2 0.4546761359375 0.8953020828125 0.45560085156249996 0.8856996531249999 0.4491321015625 0.881746528125 0.4454360796875 0.8896545140625 0.44820880625 0.896996528125 0.4546761359375 0.8953020828125
0 0.5406107953125 0.8749687500000001 0.53567755625 0.8520729171875001 0.52074431875 0.8557638890625 0.5170482953125 0.8614114578125 0.52213068125 0.881746528125 0.5406107953125 0.8749687500000001
2 0.8890042609375 0.9967552078124999 0.890737215625 0.9982638890625 0.8959360796875 0.9982638890625 0.9008451703125001 0.9982638890625 0.9086434656250001 0.988987846875 0.902953125 0.9771822921875 0.8994019890624999 0.9822795140625 0.8918920453125001 0.990046875 0.8890042609375 0.9967552078124999