0 0.6057982953125001 0.867703125 0.61359943125 0.8494010421875 0.6070639203125 0.8439878468750001 0.5965198859374999 0.8553298609375 0.5906164765625 0.8687343750000001 0.59375 0.878472221875 0.6008522734375 0.8767361109375 0.6057982953125001 0.867703125
1 0.546875 0.7361111109375 0.5369318187500001 0.7430555562500001 0.5340909093749999 0.7725694437499999 0.5411931812499999 0.7760416671875 0.546875 0.7725694437499999 0.546875 0.7361111109375
3 0.83380681875 0.8229166671874999 0.8579545453125 0.765625 0.8678977265625001 0.671875 0.8678977265625001 0.605902778125 0.8636363640625 0.6024305562500001 0.8522727265625001 0.6041666671875 0.8196022734374999 0.671875 0.80681818125 0.7517361109375 0.8096590906250001 0.7881944437499999 0.7997159093749999 0.8142361109375 0.7997159093749999 0.8611111109375 0.8210227265625001 0.8975694437499999 0.8309659093749999 0.8611111109375 0.83380681875 0.8229166671874999
3 0.9261363640625 0.7204861109375 0.9176136359375 0.6649305562500001 0.9105113640625 0.668402778125 0.9034090906250001 0.6979166671875 0.8821022734374999 0.7048611109375 0.8707386359375 0.737847221875 0.86931818125 0.7482638890625 0.88068181875 0.762152778125 0.9204545453125 0.7552083328125 0.9261363640625 0.7204861109375
3 0.33096590937500003 0.9774305562500001 0.33806818125000004 0.987847221875 0.34659090937500003 0.9774305562500001 0.36789772656249997 0.9913194437499999 0.36931818125000004 0.9982638890625 0.39772727343750003 0.9982638890625 0.39630681874999996 0.9791666671874999 0.409090909375 0.9288194437499999 0.41619318125 0.9201388890625 0.40482954531250004 0.8420138890625 0.39630681874999996 0.8211805562500001 0.38352272656249997 0.815972221875 0.38068181874999996 0.793402778125 0.37215909062499997 0.777777778125 0.35085227343750003 0.7743055562500001 0.34232954531250004 0.784722221875 0.36079545468749996 0.8541666671874999 0.35227272656249997 0.8819444437499999 0.35085227343750003 0.9322916671874999 0.33096590937500003 0.9774305562500001
3 0.47585227343750003 0.25868055624999997 0.465909090625 0.2604166671875 0.45454545468749996 0.296875 0.453125 0.32118055624999997 0.48011363593749995 0.32465277812500004 0.48295454531250004 0.2916666671875 0.47585227343750003 0.25868055624999997
3 0.578125 0.9427083328125001 0.5809659093749999 0.934027778125 0.5980113640625 0.925347221875 0.6221590906250001 0.8368055562500001 0.6221590906250001 0.7326388890625 0.6377840906250001 0.7170138890625 0.6434659093749999 0.684027778125 0.6363636359375 0.6545138890625 0.6306818187500001 0.6493055562500001 0.6178977265625 0.652777778125 0.5795454546875 0.71875 0.5724431812499999 0.7413194437499999 0.5625 0.809027778125 0.5696022734375 0.8732638890625 0.5653409093749999 0.9427083328125001 0.578125 0.9427083328125001
3 0.515625 0.9114583328125001 0.5241477265625 0.9166666671874999 0.5269886359375 0.8541666671874999 0.5326704546875 0.8333333328125001 0.5397727265625 0.831597221875 0.5482954546875 0.8020833328125001 0.5497159093749999 0.769097221875 0.5610795453125 0.7447916671875 0.5511363640625 0.6388888890625 0.5539772734375 0.5954861109375 0.546875 0.5833333328125 0.5355113640625 0.5798611109375 0.5298295453125 0.5850694437499999 0.5269886359375 0.6197916671875 0.5042613640625 0.6649305562500001 0.5 0.6805555562500001 0.5 0.7638888890625 0.5071022734375 0.8819444437499999 0.515625 0.9114583328125001
2 0.61875 0.81875 0.621875 0.8234375 0.6234375 0.8359375 0.6203125 0.84375 0.615625 0.8484375 0.609375 0.846875 0.603125 0.8328125 0.60625 0.828125 0.60625 0.8234375 0.609375 0.8203125 0.6171875 0.81875
2 0.5578125 0.725 0.5609375 0.728125 0.5609375 0.7515625 0.559375 0.753125 0.5546875 0.7515625 0.553125 0.7265625 0.55625 0.725
2 0.8140625 0.75625 0.81875 0.75625 0.8234375 0.7640625 0.8234375 0.771875 0.8203125 0.7734375 0.8140625 0.765625 0.8125 0.759375 0.8140625 0.7578125
2 0.33125 0.971875 0.334375 0.971875 0.3359375 0.978125 0.3421875 0.9828125 0.3421875 0.990625 0.3375 0.990625 0.3328125 0.9859375 0.33125 0.9734375
2 0.8828125 0.753125 0.8859375 0.7515625 0.8890625 0.753125 0.8875 0.76875 0.88125 0.765625 0.8828125 0.7546875
2 0.4078125 0.91875 0.4125 0.9171875 0.41875 0.91875 0.4140625 0.934375 0.409375 0.9328125 0.4078125 0.9203125
2 0.8515625 0.7578125 0.8578125 0.7578125 0.85625 0.7734375 0.85 0.771875 0.8515625 0.759375
2 0.509375 0.78828125 0.0125 0.028125
2 0.4546875 0.315625 0.4609375 0.315625 0.465625 0.3203125 0.4640625 0.328125 0.4578125 0.328125 0.453125 0.3203125 0.4546875 0.3171875