3 0.0852272734375 0.762152778125 0.07954545468749999 0.7256944437499999 0.065340909375 0.722222221875 0.065340909375 0.8541666671874999 0.090909090625 0.996527778125 0.1491477265625 0.9982638890625 0.12784090937499998 0.956597221875 0.12642045468750002 0.934027778125 0.1363636359375 0.9045138890625 0.1363636359375 0.887152778125 0.12215909062500001 0.8333333328125001 0.1079545453125 0.7916666671875 0.0852272734375 0.762152778125
3 0.5056818187500001 0.37152777812500004 0.49857954531250004 0.3767361109375 0.49289772656249997 0.39930555624999997 0.49005681875 0.43055555625 0.5 0.4895833328125 0.49857954531250004 0.5364583328125 0.5099431812499999 0.574652778125 0.5255681812499999 0.4270833328125 0.5255681812499999 0.38194444375000003 0.53125 0.3645833328125 0.5227272734375 0.3454861109375 0.5085227265625 0.35069444375000003 0.5056818187500001 0.37152777812500004
3 0.4375 0.4670138890625 0.44602272656249997 0.45659722187499996 0.46732954531250004 0.4479166671875 0.481534090625 0.42881944375 0.46306818125 0.3541666671875 0.45454545468749996 0.35590277812500004 0.44176136406250005 0.3958333328125 0.43181818125 0.42881944375 0.4375 0.4670138890625
3 0.82244318125 0.9375 0.83380681875 0.8819444437499999 0.8082386359375 0.9322916671874999 0.80681818125 0.9444444437499999 0.82244318125 0.9375
3 0.85369318125 0.9114583328125001 0.8764204546875 0.8541666671874999 0.8764204546875 0.8333333328125001 0.8948863640625 0.784722221875 0.89630681875 0.684027778125 0.8835227265625001 0.6788194437499999 0.875 0.699652778125 0.84943181875 0.71875 0.8366477265625001 0.7482638890625 0.8352272734374999 0.769097221875 0.8451704546875 0.7916666671875 0.84375 0.8038194437499999 0.8565340906250001 0.8125 0.859375 0.824652778125 0.8579545453125 0.840277778125 0.8409090906250001 0.8680555562500001 0.8522727265625001 0.8888888890625 0.8465909093749999 0.909722221875 0.85369318125 0.9114583328125001
3 0.53125 0.4357638890625 0.53125 0.3802083328125 0.5269886359375 0.3767361109375 0.5255681812499999 0.42881944375 0.53125 0.4357638890625
3 0.5 0.27777777812500004 0.5071022734375 0.35243055624999997 0.5269886359375 0.35069444375000003 0.5298295453125 0.3576388890625 0.5411931812499999 0.34375 0.5355113640625 0.32118055624999997 0.5397727265625 0.3177083328125 0.5369318187500001 0.2795138890625 0.5184659093749999 0.230902778125 0.5071022734375 0.23958333281250002 0.5 0.27777777812500004
3 0.49147727343750003 0.31944444375000003 0.49431818125 0.3298611109375 0.49573863593749995 0.2760416671875 0.48295454531250004 0.23263888906250002 0.47301136406250005 0.23611111093749998 0.47301136406250005 0.24826388906250002 0.46164772656249997 0.2708333328125 0.46022727343750003 0.32465277812500004 0.49147727343750003 0.31944444375000003
3 0.497159090625 0.27777777812500004 0.5 0.2673611109375 0.49289772656249997 0.25694444375000003 0.5014204546875 0.21875 0.49147727343750003 0.1875 0.48579545468749996 0.18923611093749998 0.47869318125 0.21701388906250002 0.47727272656249997 0.22916666718749998 0.497159090625 0.27777777812500004
2 0.8432286937500001 0.77164756875 0.8478451703125 0.7759635421875 0.8467585234375001 0.7706510421874999 0.8462159093749999 0.7656701390625 0.8448579546874999 0.7593611109375 0.84180255625 0.7553229171875 0.8372528406249999 0.7580329859375 0.835622159375 0.7620173609374999 0.8353508515625 0.7669982640625 0.8358948859374999 0.7709826390625001 0.8361661937499999 0.7752986109375 0.8391534093749999 0.7816076390625 0.8407840906249999 0.7799479171875 0.8426846593749999 0.7759635421875 0.8432286937500001 0.77164756875
2 0.8492031250000001 0.7895763890625 0.8459303984375 0.7940885421874999 0.8473025562500001 0.801862846875 0.8492031250000001 0.8078385421875 0.8546363640625 0.808171875 0.8578948859375 0.808503471875 0.85952556875 0.8051822921875 0.86006818125 0.79953819375 0.860612215625 0.792565971875 0.85653693125 0.789909721875 0.85300568125 0.7895763890625 0.8492031250000001 0.7895763890625