3 0.5184659093749999 0.640625 0.5440340906250001 0.6267361109375 0.5326704546875 0.390625 0.5269886359375 0.38368055624999997 0.515625 0.38368055624999997 0.5014204546875 0.4392361109375 0.5028409093749999 0.49652777812500004 0.5113636359375 0.543402778125 0.5099431812499999 0.6302083328125 0.5184659093749999 0.640625
3 0.47017045468749996 0.3732638890625 0.47301136406250005 0.3185763890625 0.484375 0.2951388890625 0.47017045468749996 0.26909722187499996 0.46306818125 0.23958333281250002 0.455965909375 0.24131944375 0.45454545468749996 0.2604166671875 0.43892045468749996 0.28993055624999997 0.4375 0.30034722187499996 0.44744318125 0.30555555624999997 0.45880681875 0.4270833328125 0.47017045468749996 0.3732638890625
3 0.47585227343750003 0.14409722187500001 0.47301136406250005 0.121527778125 0.46732954531250004 0.11805555625 0.46306818125 0.12673611093749998 0.46022727343750003 0.222222221875 0.46732954531250004 0.23611111093749998 0.471590909375 0.23263888906250002 0.47585227343750003 0.14409722187500001
3 0.5113636359375 0.1111111109375 0.49573863593749995 0.15625 0.5 0.22395833281250002 0.5085227265625 0.22569444375 0.5198863640625 0.15451388906250002 0.5113636359375 0.1111111109375
3 0.487215909375 0.12847222187500001 0.481534090625 0.125 0.47585227343750003 0.13888888906250002 0.47585227343750003 0.237847221875 0.48011363593749995 0.246527778125 0.48863636406250005 0.1927083328125 0.487215909375 0.12847222187500001
1 0.450284090625 0.31597222187499996 0.45170454531250004 0.3385416671875 0.46448863593749995 0.33680555624999997 0.46448863593749995 0.31597222187499996 0.450284090625 0.31597222187499996
1 0.497159090625 0.18055555625 0.49147727343750003 0.1927083328125 0.49005681875 0.21180555625 0.49573863593749995 0.215277778125 0.5 0.20138888906250002 0.497159090625 0.18055555625
2 0.465262784375 0.29499305625 0.463268465625 0.29011805625 0.45678551093750003 0.28768055625 0.4473110796875 0.28646006874999996 0.4493053984375 0.2968229171875 0.4577826703125 0.29560243124999996 0.465262784375 0.29499305625
2 0.480721590625 0.28828993125 0.4747386359375 0.28524131875 0.4687542609375 0.28585069375 0.47174573906250006 0.29438368125 0.47623437500000004 0.2968229171875 0.48271732968750003 0.29438368125 0.480721590625 0.28828993125
2 0.5335823859375 0.44005208281249997 0.5375710234375 0.4345677078125 0.5335823859375 0.428472221875 0.5285951703125 0.425425346875 0.52709943125 0.430300346875 0.5261022734374999 0.44005208281249997 0.5256022734375 0.44736631875 0.5320852265625 0.44919444375 0.5335823859375 0.44005208281249997
0 0.4707485796875 0.312668403125 0.47174573906250006 0.307793403125 0.47224431874999995 0.3029166671875 0.47224431874999995 0.2980416671875 0.4687542609375 0.29072743125 0.46576136406249996 0.3016979171875 0.4647642046875 0.30901215312499997 0.46675994374999996 0.311449653125 0.4707485796875 0.312668403125
3 0.47585227343750003 0.06944444375 0.46732954531250004 0.09201388906249999 0.465909090625 0.1145833328125 0.47727272656249997 0.125 0.481534090625 0.090277778125 0.47585227343750003 0.06944444375